0 0.9011386311095622 0.8048138307397616 0.19772273778087568 0.23770549253192197
0 0.6169196088901825 0.8229821716267045 0.05017144889053371 0.11776251970902718
0 0.8446207999976145 0.44722724247463064 0.13070791111224234 0.13254655897992507
0 0.482607217779797 0.615714310716379 0.13966449777492218 0.13728036465779403
0 0.13737813333152898 0.8177385714912464 0.15801457778240244 0.14354355370843075
0 0.7038962816457368 0.03495325802990834 0.1296239700478813 0.06990651605981668
0 0.3707955199966414 0.09714410565236703 0.11527054221886729 0.09758922474351006
0 0.50630940444664 0.09113581383048447 0.16201955555006858 0.1445631426237709
0 0.2163490133308288 0.18042267169275816 0.1298340977790455 0.07523109638807068
0 0.7642663822250648 0.09459513336429931 0.10267306666614273 0.13444008125104034
0 0.8131635200025307 0.21592621427669412 0.10114389333046137 0.10822208057374927
0 0.925423360000261 0.18140584671816673 0.14915327999947803 0.22751398365562525
0 0.01993756444296903 0.5603734491681189 0.03987512888593806 0.13132498871135712
0 0.23925020444827777 0.8777850758203017 0.18524842666875987 0.15439489287769437
0 0.7808688355558034 0.7840193095089942 0.05534151110591168 0.09751639696380832
0 0.21667669333207112 0.09936535293197868 0.11126556445120109 0.06955052957464414
0 0.022340551111847164 0.06448157952179329 0.04468110222369433 0.05498643973606876
0 0.5760688355554723 0.5777346236240368 0.06779335111172657 0.10370675823482411
0 0.6079994311090559 0.4554931954658949 0.08272099555987444 0.1307258644884307
0 0.7022256355525719 0.4488294536271003 0.11854734222094221 0.11346568070920748
0 0.10355427555429439 0.9229747130989192 0.07070606221548387 0.09489459689607926
0 0.026818844443187117 0.8010904059811674 0.053637688886374234 0.0796595552314604
0 0.052982328889063665 0.9125239267178133 0.05024426667433646 0.11390264738717581
0 0.32003825781349504 0.02381060774203947 0.09794645327039891 0.04762121548407894
0 0.26550101333090825 0.2797597631480608 0.06531754666939377 0.11747120859038163
0 0.3950194331041227 0.016272932547308216 0.042792849356515505 0.03254586509461643
0 0.6208881777762953 0.7135220187987925 0.0835948088827233 0.08178559655743367
0 0.5853166933326672 0.6539488950375159 0.04347221332912643 0.03648671760934452
0 0.8316956444436477 0.5738747513021045 0.07674993777440653 0.10632855830263399
0 0.026418346668490106 0.68937960984175 0.05283669333698021 0.1259920588106428
0 0.00806826666618387 0.34660494119615726 0.01613653333236774 0.10287758026555549
0 0.45242424888743293 0.24389208166585835 0.10609550221512709 0.1383727813526744
0 0.962112284441375 0.5749307541071744 0.0700507022233473 0.1321824200816586
0 0.7798493866653492 0.6687329343083733 0.040632319998823885 0.060374229337551766
0 0.6328302933368832 0.22808845347978196 0.07791502222211821 0.13269221453916702
0 0.9507527111098171 0.4582970649827977 0.06684672000507519 0.10137626928574062
0 0.17087431111269527 0.7020516435024676 0.0881095111163126 0.07151687962546105
0 0.6775768177790774 0.10482743640642106 0.0739100444441041 0.07115274072719469
0 0.7349572266658975 0.8683538783544553 0.04099640889714162 0.05076096242257211
0 0.7245078755594376 0.6947324516466801 0.07514794666527047 0.06940487401532125
0 0.5503641600047963 0.24221704273368683 0.0942990222221447 0.12511812545470602
0 0.08476728889056379 0.6921834793586528 0.07740529777689112 0.11426678628544229
0 0.9515285333308081 0.37815009346772493 0.09694293333838389 0.05746111815117716
0 0.7301148444465879 0.8090720657117838 0.04645774222703447 0.05760677371049994
0 0.6041764977802004 0.06611947151750536 0.06269610666980341 0.12540943657327086
0 0.13901653333256642 0.1089422059571884 0.04740437333368591 0.04398797891418438
0 0.15507285333652462 0.6331929778345865 0.0869444266686009 0.05367407360886589
0 0.4386252800002694 0.9169664212770366 0.03218545777102311 0.04762936789717287
0 0.2655374222228097 0.7438912029167422 0.09976035555203758 0.05644152923591772
0 0.026491164441944826 0.14884557319560315 0.05298232888388965 0.10325727952706865
0 0.6378911288869049 0.5871294072001132 0.05759886221753219 0.13735319243741495
0 0.30900963555711014 0.581303184827364 0.09145912889184221 0.05199903467669442
0 0.37418154666407244 0.7619160783823897 0.10777031110806595 0.06321451274422474
0 0.5189796977779931 0.8244023133300409 0.11803761778606309 0.18556518257187882
0 0.021685191109362574 0.912485931711282 0.04337038221872515 0.12460516876367511
0 0.7259642311113162 0.21913063658171433 0.12014933333007827 0.139974992505144
0 0.19772807045115365 0.03742940253831467 0.1456675568802489 0.07485880507662934
0 0.3797521066644953 0.6631616091644186 0.05191907555692726 0.054329523625858855
0 0.37815011555535927 0.8961376762944862 0.07187114666319555 0.09540439135366852
0 0.2854530844475246 0.498898552142869 0.18634069333266884 0.12344308652245373
0 0.4788571022192223 0.7438912029167422 0.0807549155524207 0.09576853025193499
0 0.022340551111847164 0.015510001561058251 0.04468110222369433 0.031020003122116502
0 0.11269290666613314 0.5359678919894642 0.15248042665835884 0.14281527591189758
0 0.26601073777613543 0.6659290647914705 0.11002766221968666 0.05738829037155635
0 0.9036560957733956 0.03673753863155166 0.15623397734016176 0.07347507726310332
0 0.34144995555592084 0.24250835385233238 0.09910499555990099 0.18410862697873198
0 0.359399537778356 0.6196105969281622 0.0450013866751558 0.03393774532123628
0 0.3695212088887476 0.8197049215420634 0.06029311999057729 0.04770219567679379
0 0.2928440888877958 0.807906821237242 0.05738040888682011 0.05032399574460378
0 0.43254499555461934 0.8451946444227809 0.050608355551958084 0.08644657445560089
0 0.7889516088852866 0.8669701505409293 0.05738040888682017 0.0506153068631684
0 0.7016430933287161 0.5783900736409893 0.08592497777814667 0.13968368138657938
0 0.7707471644454118 0.5814124264968359 0.046894648888458845 0.05280014025292934
0 0.7652494222236177 0.527701938998119 0.04609365332871673 0.048794612371755086
0 0.8942825244480952 0.5401554893198524 0.044491662219580674 0.04923157904964259
0 0.8983239111128367 0.5972888824625735 0.04762282666439821 0.06183078493069871
0 0.9941269333319118 0.4385583191451998 0.011746133336176467 0.061471481132368666
0 0.6891184355546203 0.8139515269489754 0.049079182226624773 0.12140390869209661
0 0.6539474488908632 0.8192315409742441 0.04471011556064086 0.11011560284486455
0 0.5502185244475388 0.7232809412731354 0.024539591113312387 0.01667756154193223
0 0.5467232711095777 0.7040544074430951 0.02657848888387282 0.022795095033327106
0 0.32681358222228785 0.6236161248094172 0.022646328879313338 0.03481167867717294
0 0.3339861333318469 0.6568620062238906 0.02446677333985764 0.030951806355240752
0 0.38302890666657025 0.7099534575955058 0.044928568891353104 0.038525895439782354
0 0.39992263111182386 0.6190279746908711 0.03444280889299178 0.03262684528741211
0 0.3938423466661738 0.5837429154459598 0.03262236445314354 0.03808892876181402
0 0.3885630577750918 0.46328576788950165 0.030073742227007927 0.06634610726962398
0 0.36813767111032375 0.5362592031080693 0.042962488894247364 0.05862636262567855
0 0.408697173335693 0.5284666306845434 0.03859342221791545 0.05804374038846838
0 0.44776391111210817 0.5211110249389453 0.04492856888100505 0.061976440490102425
0 0.42930460444444585 0.4543279509913531 0.06276892445360621 0.07464847415077946
0 0.49538673777650627 0.5130635552866248 0.054686151103427005 0.06539934613406628
0 0.4837723022223347 0.4411461228730463 0.05636096000671387 0.07071577404922624
0 0.5456310044456687 0.46947612916051745 0.06531754665904577 0.12023866421743346
0 0.22887367111009854 0.6048629715471556 0.053957973327487724 0.06532651835436443
0 0.06980323555568854 0.3430106897821364 0.08883768889225191 0.09147169125203447
0 0.04919580444176164 0.26180771546203413 0.0827209955598745 0.07180819074410671