0 0.607148367435568 0.006551498578534376 0.0806008452549577 0.013102997157068752
0 0.07878968888997204 0.4175154970799525 0.09371647999311489 0.1453641904998897
0 0.013599146664556529 0.40993343515124975 0.027198293329113058 0.1278695786185321
0 0.23571199999811748 0.5462021326577635 0.06298737777397034 0.12337020977296309
0 0.04389134222227666 0.050844316118742294 0.08778268444455332 0.10168863223748459
0 0.3726148748925576 0.029783551068271352 0.12064815243292187 0.059567102136542704
0 0.12591298586275013 0.04671600311796731 0.060345548277513844 0.09343200623593462
0 0.952799573333727 0.07530089528790862 0.094400853332546 0.15060179057581724
0 0.9604090311098844 0.1889522368066595 0.07918193778023119 0.04349143811903411
0 0.9294833777782818 0.5857840151912085 0.11738225778357847 0.06561780342705226
0 0.8337644088909857 0.5749326803292119 0.05643377778016856 0.06998746847210369
0 0.9549112888880902 0.7209953953664094 0.09017742222381964 0.1646040385085199
0 0.9541467022202494 0.24877359858877834 0.091706595559501 0.06452538716578937
0 0.9636130133333305 0.9011645898203988 0.0727739733333389 0.10924162612717792
0 0.9490858666650537 0.9822679955808435 0.10182826666989264 0.03546400883831291
0 0.9192524800025341 0.4943851879981257 0.14163057778237598 0.09329234871259429
0 0.9781765688883348 0.29724582793296495 0.043646862223330474 0.04538241115631236
0 0.6564531199996255 0.19058422573838651 0.20003043554930222 0.2742693093299613
0 0.8405728711074012 0.23355259868173017 0.08417735111175306 0.11667005670387876
0 0.40967367111394803 0.4327000831116037 0.1672624355595973 0.0845530186224912
0 0.13515064888633788 0.19775775918742966 0.05978339555569821 0.09445759272465115
0 0.7159816533378842 0.4747581091705886 0.13893631999898293 0.06467104266729651
0 0.7312369777769264 0.7151989282765144 0.14847544888034458 0.12373434852669063
0 0.38273109333175753 0.1205967572662423 0.1024546133354306 0.1210397217489303
0 0.39805923555460243 0.35444666492919386 0.14680063999775383 0.07107988473344751
0 0.721333759997247 0.6044643332589492 0.141339306667861 0.07952790382061725
0 0.8585952711136391 0.7135238900092635 0.08250254221881437 0.14631095125964555
0 0.8559374222221474 0.10552141286070121 0.0862162488823136 0.12715725281206713
0 0.14891320888677406 0.12063317114159883 0.09808554666944676 0.053528396802285605
0 0.41564472888906795 0.21214123996083212 0.10638677332964208 0.046172793976378745
0 0.7780359712895006 0.9777470459404869 0.14012854702563748 0.04450590811902633
0 0.3185786311152494 0.21028413231663667 0.06677390222127239 0.050615286772224266
0 0.41630008889155257 0.5432526087523457 0.12546503111306162 0.13524113314550956
0 0.7310185244410403 0.3689758012041034 0.08920177778022154 0.055858884826399335
0 0.043473066663783456 0.2168386298842544 0.057016319998850415 0.09460324822615829
0 0.2678974577794886 0.3786983059293997 0.07259932444948286 0.08608240138819445
0 0.17607424000485075 0.3819027269624752 0.10667804444415702 0.11667005670387876
0 0.8903438222232378 0.9102680586643102 0.06735644445030231 0.11710702320840005
0 0.7573057422207461 0.8892208386971394 0.17017514666335443 0.12642897530453157
0 0.8798216533329752 0.38714632501656937 0.18670478223098652 0.10822203761662819
0 0.2947672177778764 0.5428520561232213 0.062113564451121595 0.12133103275194446
0 0.2694994488886247 0.4476661858910346 0.0709973333299988 0.04923155950794733
0 0.409673671108774 0.2787422180230371 0.10682368000141451 0.07697893254428334
0 0.31359061333350835 0.28904734475436183 0.08024519111754164 0.06044703312367117
0 0.07054264888995224 0.8424919749238887 0.14108529777990447 0.06821987912178007
0 0.0761860266690039 0.9218840849091988 0.1523720533380078 0.11470370743357328
0 0.0739259851216856 0.9869961702859051 0.13423333914122648 0.02600765942818961
0 0.21656092444124322 0.9570234746467579 0.10303715555411247 0.06700153069132941
0 0.20436394666321578 0.8739998387900914 0.05417642666854791 0.07413865026501598
0 0.25511793777760533 0.8555744178499676 0.0400497777801421 0.0971522195024922
0 0.3279357155526264 0.8508406140511079 0.10893539555577769 0.0962782864934495
0 0.32269283555344574 0.9635779722143756 0.09946908444787061 0.0608839996282734
0 0.48255866335497966 0.9917299740847649 0.14671661559906274 0.016540051830470137
0 0.47976078221884866 0.9368501876885893 0.14592682666455703 0.0971522195024922
0 0.46457827555326126 0.8580505613755076 0.13230990222137834 0.06263186564619694
0 0.46308551110948126 0.8058330640867455 0.13150890666163634 0.04457058345988152
0 0.44546360889346237 0.736027664991465 0.13019818666701521 0.09722504725320524
0 0.3589560888914598 0.7414897462978198 0.08607061333540417 0.09300103770966084
0 0.26684160000230706 0.7470610692302848 0.09422620444869004 0.10137622904603671
0 0.17396252444531357 0.7493915572543177 0.08425016888520784 0.10108491804302255
0 0.06673834666402803 0.7539068778009168 0.12757674666742486 0.10152188454754374
0 0.051956337778311636 0.13661886243153903 0.08141027555490533 0.0595731001147094
0 0.17704461986819903 0.04522303422758012 0.04488107137795952 0.09044606845516023
0 0.052483840002160935 0.573555889276643 0.10496768000432187 0.1435573691545886
0 0.1272863288875669 0.5533756661067661 0.053229795551548414 0.12446262603422598
0 0.17807672888868387 0.5501712450736906 0.0588367644490467 0.12475393703724025