0 0.26598371555511324 0.953712991070839 0.19464192000321215 0.09257401785832209
0 0.03394147555550767 0.8763078007300108 0.06788295111101535 0.12056136412149288
0 0.01866783042334848 0.9666399219603512 0.03733566084669696 0.06672015607929771
0 0.19476792888405423 0.8847765426675929 0.10580423111096027 0.10661986942119872
0 0.28804750222091874 0.865149456049435 0.11789198221845756 0.10916884170930696
0 0.1488563199993223 0.4080823109077062 0.2200553244497213 0.1723833544535316
0 0.14223976333936056 0.055782003012458725 0.10094516223503483 0.11156400602491745
0 0.2260431644403272 0.24086972881001184 0.1701023288898998 0.11834514194631829
0 0.05367509333106379 0.24744383133768733 0.10735018666212758 0.09172937930776448
0 0.09082055111519165 0.17029961032010826 0.10878975999852022 0.09897295255695526
0 0.3646610403071261 0.04198113876700987 0.1531173149434229 0.08396227753401975
0 0.8919981511102781 0.7490255613827284 0.14949489778114688 0.26261697345144375
0 0.6521728000034475 0.4708234430841925 0.15116970666373764 0.1286138588782909
0 0.38067171555529866 0.5691409456242357 0.1241543111184405 0.1774084712500461
0 0.5999988622239067 0.4194434445345996 0.11963960888485115 0.11572334187858924
0 0.497348509889303 0.9809869945532402 0.13162715311886536 0.038026010893519535
0 0.7339107555544211 0.3489825677142084 0.12065905777530539 0.09453045799773185
0 0.8227848533334003 0.24156159271673439 0.1562669511056609 0.12773992552243518
0 0.4680894577772253 0.8722137506763875 0.11883861333545714 0.08775747448942495
0 0.4286586311128404 0.1582830266763432 0.15153379556205543 0.19175554384289462
0 0.5109063111090412 0.3155910307404123 0.06073002667269772 0.06110250713416576
0 0.739772586669359 0.1447734735495803 0.06306019555777309 0.06802114620179533
0 0.5679226311078915 0.3829931408151061 0.039175964446945266 0.03714216762625655
0 0.982389760001873 0.1940356345772153 0.035220479996253995 0.0752194325643536
0 0.6714331022256779 0.13071771207529637 0.03517098666893115 0.03248118972800862
0 0.9717583644462542 0.817076246821878 0.05648327110749152 0.09432572396370087
0 0.5571820088920908 0.833979166355291 0.07682275555820928 0.1283953755393472
0 0.939293297778608 0.5275926973286471 0.06684671999472713 0.07115274072711375
0 0.8455404088884177 0.02020563264890185 0.06269610665945546 0.0404112652978037
0 0.7990826666665574 0.13785483448191022 0.045219840005867984 0.04296838999900576
0 0.9152270222237955 0.4617563845166125 0.07434695111587641 0.0838247743877909
0 0.6258917353167717 0.00899015458137159 0.040200751678397206 0.01798030916274318
0 0.6291987911125438 0.34585097318884955 0.03983132444942994 0.04355101223629687
0 0.46696078222141496 0.27786624087690515 0.04594801777145929 0.05585890699862661
0 0.6964096000004145 0.1098161393130846 0.03619043555938528 0.03699651206693366
0 0.9130424888908035 0.03902753748427773 0.07143424000177112 0.07006032403223339
0 0.6514446222223342 0.09568755005922014 0.05883676444904673 0.06510803501542073
0 0.8035609599978973 0.3098740500371753 0.06742926222375689 0.06787549064247256
0 0.6743822222213365 0.07172721055127051 0.045438293336580116 0.05520345698171458
0 0.9529102222217868 0.7345328332305165 0.02941838222452331 0.03728782318557933
0 0.575240817779882 0.9272715520988197 0.06269610666980341 0.0675113517442062
0 0.7773829688887215 0.11312980328761707 0.06400682666442459 0.06066554045619743
0 0.9745982577765567 0.3857610971660521 0.05080348444688654 0.07821603390635867
0 0.6646974577827172 0.3984690439927265 0.03538943999964339 0.03444753977882564
0 0.5477882515535586 0.03047434958083406 0.10711547912408909 0.06094869916166812
0 0.12904988444513746 0.6254732331907219 0.1680634311089913 0.18141399913130107
0 0.7072958577786469 0.6083951188605915 0.08213845333084469 0.11667010301422764
0 0.17201237333421077 0.7630084950773106 0.0939349333341751 0.08564546887936608
0 0.016538026665026944 0.15755730052287154 0.03307605333005389 0.06402072160674388
0 0.27494030222296717 0.743308580679451 0.09648355556031069 0.08469870774372756
0 0.586491164446084 0.15522425993064576 0.08461425777317755 0.09839033031966415
0 0.6286890666673166 0.23759247872533024 0.07026915555405944 0.07814420757444529
0 0.7246993066639535 0.0639710520175551 0.1098092088889745 0.10538179716699558
0 0.9362596977760809 0.13652945323399368 0.12748060444783837 0.14990853296687323
0 0.40350008888894484 0.7609329033569812 0.13675178667116494 0.07406585191348836
0 0.9509324800016152 0.948444309460939 0.09813503999676965 0.1031113810781219
0 0.8616695466658307 0.3276076143842178 0.09073095110555496 0.07231798520169597
0 0.6260676266677263 0.12292513965177049 0.0657544533308182 0.08841292450641791
0 0.7926382933329377 0.0349896719197188 0.07864320000840563 0.0699793438394376
0 0.5162220088868505 0.2553988708519937 0.07325468444161948 0.06845811287976378
0 0.920251448892264 0.009645604598283675 0.06604572444533308 0.01929120919656735
0 0.8266441955541571 0.4572046482879173 0.10325560888482466 0.09933709145522185
0 0.9378980977771183 0.6549320700629244 0.1242038044457634 0.11346568070920748
0 0.6846131199970842 0.1810417078198598 0.10696931555867195 0.104435036031438
0 0.8485987555597805 0.08064861355952763 0.11279473777653448 0.10654704164149698
0 0.9607381333338303 0.5778802791833595 0.06823025777315095 0.05418386806653597
0 0.48527445333181984 0.17801935496401328 0.07398286222790684 0.0631416849646037
0 0.9809334044448204 0.7258433865723485 0.03813319111035929 0.07462152812856959
0 0.2532041955532299 0.6308989027753539 0.17927736888329188 0.17391273782638028
0 0.8777258666697889 0.3848866630862213 0.08556088889017699 0.06175795715107779
0 0.9609449244466507 0.24214421495402544 0.07811015110669861 0.07224515742199411
0 0.9219626666667561 0.28380170491912626 0.08607061333540411 0.09249128016729391
0 0.9870865066690991 0.5140523609817078 0.02582698666180172 0.10148382003038281
0 0.8327645480994963 0.9773091916804413 0.05418374508412338 0.04538161663911755
0 0.8480162133359247 0.92672534375142 0.0739100444441041 0.04486191227012104
0 0.7727590400001241 0.9342994328359617 0.05228316444489689 0.05316427915127664
0 0.2899771733364711 0.360962737468163 0.12393585777738031 0.15796345408106194