0 0.742043718483506 0.6317049633072519 0.39540021919334933 0.7365900733854962
0 0.6372194674383436 0.13155930774796953 0.3120306117874053 0.26311861549593907
0 0.050478079997830924 0.33067251273071535 0.10095615999566185 0.19162215148517225
0 0.03529557333224349 0.5830146376493459 0.07059114666448699 0.12009300865819172
0 0.060469475554095375 0.8772388674729019 0.0808277333362235 0.06372430720189481
0 0.17719637333001528 0.7151606438411535 0.16646143999985524 0.08404325772681553
0 0.09127139555704263 0.605372766004745 0.05971057777189546 0.17354859892803287
0 0.1861529599978692 0.8123493157964654 0.18131626666420037 0.1433978981491888
0 0.043888071112127766 0.782831584335873 0.08777614222425553 0.13985720332828322
0 0.006605368888833457 0.1996036850513847 0.013210737777666914 0.04309583239504122
0 0.016435768889884152 0.008421535434566696 0.032871537779768305 0.016843070869133392
0 0.02786816000007093 0.08659653203668527 0.05573632000014186 0.14174776808680933
0 0.09804344889190462 0.18919841914173302 0.15408241777784296 0.07996490206593954
0 0.18462378666736184 0.6449182503597464 0.13442161777574155 0.08338780770982257
0 0.17126172444679671 0.5610206481922537 0.1314360888881816 0.10946015282787158
0 0.11409976889068882 0.03287766630961941 0.1502230755570862 0.06575533261923883
0 0.11402695111206007 0.10023928628791534 0.11410545778150359 0.08528132998101867
0 0.9679424000024381 0.7308171649861326 0.06411519999512372 0.08317222733442797
0 0.9079955911108604 0.1803498439131372 0.12262513777241113 0.07581371862536168
0 0.9636825600018104 0.6004053807984058 0.07263487999637919 0.15886757981589028
0 0.9437668977770954 0.3743630489254541 0.11246620444580913 0.28060543502728097
0 0.21272868971443837 0.9502172576471732 0.16674719276941483 0.09956548470565363
0 0.02553799110982153 0.6807265901185102 0.05107598221964306 0.06615459604304474
0 0.29578012444285884 0.7512103947724892 0.070123519996802 0.2202312056897291
0 0.267308373330161 0.5473290256162767 0.06983224889263512 0.10188606374332987
0 0.06833379555804034 0.3959928994842797 0.04296248889424735 0.05585890699862672
0 0.8872417864079276 0.030328694021551694 0.12437424051264923 0.06065738804310339
0 0.8976190577726811 0.10013004461840302 0.12706702222219768 0.10763945833645816
0 0.9880401066659639 0.9538776723262185 0.02391978666807215 0.0922446553475631
0 0.9814500977802607 0.8533367266801388 0.03709980443947847 0.10235228855032874