0 0.2260476910560909 0.9573531893600992 0.11206821767199368 0.08529362127980167
0 0.4528742399998009 0.7780811370448333 0.10828003556364107 0.06496253495432791
0 0.32861070222635236 0.8682785580549774 0.08694442666860092 0.03852598765795101
0 0.9903105422233542 0.6044816836528354 0.01937891555329163 0.03882966807916177
0 0.1592001422204905 0.727320053117496 0.10012444444000722 0.07865419030353205
0 0.5737881600028938 0.678853049740603 0.055778417777684 0.039545579013766874
0 0.45058047999627887 0.8651469560335834 0.11141119999811055 0.03240843952321759
0 0.737045617779303 0.5666615866271181 0.09393493333417513 0.059281954543596416
0 0.16262257777982286 0.8258926888358447 0.12473685333712234 0.07785308280971703
0 0.9833928533312347 0.8784668857444107 0.033214293337530565 0.0522024712701894
0 0.189528746664938 0.8891073528945691 0.14257720888902742 0.07814439462566436
0 0.16298666666779255 0.7812127390661465 0.12109596443672974 0.07865419030353193
0 0.8563575466680857 0.9667115814471463 0.1076974933346112 0.06657683710570739
0 0.8294055400571476 0.9865571989080166 0.07783330580633552 0.02688560218396674
0 0.7307468799977667 0.73984646120287 0.0504627200050487 0.05695146001609808
0 0.671910115553894 0.6159296974977855 0.09706609777899244 0.07144422285903607
0 0.8998661688891136 0.8879056916538468 0.12116878222053251 0.0776345989477969
0 0.9573604977793164 0.5239643362961252 0.08527900444136727 0.1451134229294222
0 0.4505440711095515 0.8975553955568414 0.11206656000059506 0.03969123492165971
0 0.9545570133357413 0.670987630710266 0.09088597332851756 0.094603512226207
0 0.9439573333339972 0.7280119186803105 0.10813440000638364 0.07260947012274488
0 0.37921905777313647 0.9428543829353266 0.07077887999928661 0.03706942857821416
0 0.1715791644476768 0.8616512142423765 0.13230990222137837 0.07727045917782227
0 0.9195633777779424 0.84355346767715 0.12211541333753206 0.08185862027887247
0 0.46062933333321576 0.9519214632064266 0.06772053333827194 0.05025128824946978
0 0.18931029333422583 0.9196950935681962 0.10558577778024805 0.062267900657016706
0 0.5835093333334145 0.9607761031974001 0.1285233777740763 0.07844779360519971
0 0.596106808886139 0.8900905302734118 0.14760163555749595 0.12366186586611039
0 0.39287239111339056 0.9860474032301088 0.06823025778349906 0.027905193539782602
0 0.3072022755578574 0.6576237011540634 0.0594193066677286 0.09249150156062869
0 0.2889250133341799 0.7708711696003779 0.08912895999641879 0.0729736098927194
0 0.049216853335706724 0.5077437718534156 0.09843370667141345 0.1023961033025167
0 0.41905038222256635 0.631951847374407 0.1310720000002119 0.10130368399275447
0 0.02828174222053753 0.02707132500201015 0.05656348444107506 0.0541426500040203
0 0.04106126222242084 0.08587734726711793 0.08212252444484168 0.08598881139674375
0 0.03203185777593818 0.28256293302259594 0.06406371555187636 0.178567753390646
0 0.05532558222508265 0.15234335640782531 0.0977214577814771 0.06656474994203865
0 0.399790080000336 0.37694476649683667 0.1026002488926881 0.07705197531590213
0 0.2726866488862369 0.3323012307041521 0.0720896000042558 0.07457582488043024
0 0.13076479999969404 0.4713297948610426 0.0784975644408001 0.06277769633480335
0 0.33578325333591136 0.3903086960529988 0.036772977778067206 0.0733377496626133
0 0.7511358577758074 0.49019223494311065 0.09444465777940225 0.04646423464223448
0 0.7948629333327214 0.4557081987312882 0.10252743110888529 0.04945018075565488
0 0.7263778133369568 0.40662215774560806 0.2183805155567824 0.14077643505249404
0 0.7422520888865822 0.33029846196957435 0.14701909333881402 0.09897318946525613
0 0.7252491377759724 0.29774436653838315 0.13325653333837784 0.0895055554472085
0 0.6147845688896875 0.3639449767105279 0.10573141332715741 0.0788726741655329
0 0.7039135288861063 0.2692686365303746 0.13587797333796825 0.09241867360668232
0 0.6801021155590812 0.23962765925857638 0.15233479111144932 0.10144933990072802
0 0.6637909333325095 0.17677713496974579 0.1277223822143343 0.11179090936661784
0 0.602187093336963 0.23547646588140692 0.059273671110471104 0.04901321303173378
0 0.5051209955527964 0.326292924500419 0.0691768888901505 0.06270486838085687
0 0.6314234311123275 0.09386250935808432 0.12080469333256294 0.10254175921057118
0 0.5122571377756281 0.06590293669207031 0.2704452266606192 0.13180587338414063
0 0.494775040116575 0.015433164580640035 0.08871795706864866 0.03086632916128007
0 0.33152341333528357 0.06521107112921548 0.24058993777467147 0.13042214225843096
0 0.17801047327100403 0.056071162904128835 0.2079937023524609 0.11214232580825767
0 0.015866311111797888 0.8151395664040864 0.031732622223595776 0.041198623517421096
0 0.025951573335462146 0.850477014379527 0.05190314667092429 0.049678446765232254
0 0.058938026666227314 0.9408212438055698 0.11787605333245463 0.1183575123888605
0 0.010113706667390135 0.7817960863709932 0.02022741333478027 0.03393927390272378
0 0.8495530241375997 0.03673534112116644 0.14009352506448824 0.07347068224233289
0 0.8834093511104584 0.09269726209429474 0.1368974222284225 0.11215504913651175
0 0.6354648177822431 0.7871846312929468 0.21437553777876828 0.13691655349131238
0 0.12177180444511274 0.6605368193134564 0.10551295999644532 0.10385266238225366
0 0.01593912889042662 0.4752633557089231 0.03187825778085324 0.09307582785786672
0 0.04028871111157868 0.4360082371784725 0.04449166222992871 0.04588161101042054
0 0.011715697776526212 0.39436370574814833 0.023431395553052424 0.06383851128555673
0 0.14944256000324255 0.1338086421187183 0.08104618666693568 0.05848084704970058
0 0.20482048000105552 0.22338702551995399 0.0688856177859836 0.07027897559532736
0 0.15282858666549953 0.22608165981738648 0.07718684444617895 0.11470402752601094
0 0.11467207111418248 0.26457123349836437 0.07500231110801299 0.0929284692845499
0 0.22043989333324135 0.4284705439410156 0.05905521777975892 0.11149959755067052
0 0.3133553777769622 0.45752889758091897 0.04026823111085426 0.03838033174997735
0 0.29540579555452695 0.40647650183763434 0.04398193778470155 0.06255921247296403
0 0.35744654222184585 0.45334129022681674 0.04543829333658023 0.05418399776459781
0 0.4208708266675886 0.4484618173098596 0.06640981333330276 0.04500767556257845
0 0.3994259911123663 0.5126596587474266 0.05177343999966977 0.06372445973667273
0 0.351584711112082 0.5197967982378953 0.044928568891353104 0.07042463150330114
0 0.28058737777690923 0.5174663037103969 0.0718711466735436 0.0641614274605129
0 0.15534079999973377 0.5630930168818433 0.05876394667559198 0.04617292282636809
0 0.40284842666652465 0.17797879621046814 0.24401237333400377 0.14987992930056715
0 0.5500495644441495 0.1269628144441567 0.08650752000717654 0.0908164586189717
0 0.5098905599986514 0.27928248020326296 0.08133745777110263 0.055640556844334776
0 0.4919773866681175 0.24414299240563964 0.10230897777817316 0.07697914736187483
0 0.5692370488877512 0.20514362304675393 0.0800267377764814 0.06088416953122611
0 0.5576226133335795 0.3032428770642487 0.06247765332874322 0.0576797395559665
0 0.5801961244446121 0.3392198863327005 0.10223616000471847 0.07122573899711604
0 0.6431470933318552 0.387468405847633 0.07973546666196651 0.05789822341788664
0 0.00814762666511039 0.7291297351661465 0.01629525333022078 0.06639706043226623
0 0.2142503822222352 0.6523072605131448 0.07347313778267969 0.09190887792873403
0 0.26038044444285335 0.7093315484832297 0.029564017771432832 0.04369677239089598
0 0.29977486222051086 0.8286237371102505 0.0664098133333027 0.03583135336055887
0 0.4582263466695117 0.7216758866836568 0.11476081777364017 0.05498510525849365
0 0.453274737779672 0.8309178176607754 0.11548899555992748 0.04420656806876344
0 0.6558173866683824 0.7176703492145015 0.11905706666616922 0.07770742690174326
0 0.612854897774135 0.5942633811873249 0.0440547555581563 0.0828782116346074
0 0.5678535111093272 0.5700845004643786 0.08425016888520787 0.11768997363935041
0 0.5172087466654678 0.574599833611442 0.056215324439108316 0.13677089758341954
0 0.9072207644426574 0.7604931861575148 0.06291456000051565 0.05032411620341615
0 0.8720861866656278 0.9306557006429137 0.10740622222009633 0.0763236957760336
0 0.9913299911086344 0.8332897324799917 0.0173400177827312 0.04108497867677785
0 0.9655160888874282 0.9636163934028064 0.06896782222514353 0.07276721319438728
0 0.9777858844440844 0.9175217413247259 0.04442823111183114 0.04204470220134715
0 0.9679554844430338 0.7930108676117329 0.0640890311139325 0.06831262083772294