0 0.7822421333338652 0.5172473769683151 0.12124160000433526 0.10946037101328421
0 0.8909226666670292 0.0610233214502674 0.12553784889686437 0.1220466429005348
0 0.8541860977756894 0.6267441619440739 0.15488341333758493 0.1597844670680144
0 0.9259116088868016 0.23547613581692456 0.09648355556031063 0.05935475873307838
0 0.9924287999980151 0.12475785747694279 0.015142400003969714 0.12741570572972938
0 0.9851106133311986 0.9048724665066997 0.029778773337602593 0.059585939211600936
0 0.6809890133328735 0.1678918215784848 0.13733432888984687 0.07858133088718411
0 0.9183385599973715 0.4093892203011659 0.1015808000022339 0.09504044189774519
0 0.9625371022201661 0.9321844786639163 0.07492579555966783 0.07632366521755674
0 0.9707291022201794 0.8592541851707026 0.05854179555964134 0.08410250673398467
0 0.9826348088888659 0.7541561149903737 0.03473038222226832 0.06950713257322805
0 0.284605440000693 0.43986770684081306 0.16216519110732608 0.14958855759233758
0 0.9161904355562809 0.17375446952695656 0.12277077334001663 0.060592833455113904
0 0.6928219022229314 0.9160230410141259 0.178185102219383 0.1679539179717483
0 0.3135505066667166 0.20816566400723457 0.057089137782653177 0.0972252796425852
0 0.12229461333610946 0.6585335511305441 0.16842751999696096 0.16145950933901787
0 0.611702897777367 0.7871840803355403 0.2039625955642097 0.20595737140767012
0 0.22755271110994119 0.20332260700627391 0.09713891555244722 0.12803149184389762
0 0.3432601600005809 0.3446816090933714 0.22748273777671985 0.1842546498095743
0 0.3189436924126413 0.055087845576967664 0.1696560818495022 0.11017569115393533
0 0.04951466666534543 0.4404018445265947 0.09902933333069086 0.13089592441296527
0 0.07383438222524193 0.7787360410557354 0.13733432888984679 0.11477680952560654
0 0.04725731555372477 0.8899367549358493 0.09451463110744954 0.07473650552950595
0 0.014994280024742087 0.9941914710091881 0.029988560049484175 0.011617057981623713
0 0.028980053335221276 0.9595039327222489 0.05796010667044255 0.07630570072035225
0 0.017984568886458874 0.601473670264344 0.03596913777291775 0.07268067250652377
0 0.669775075553399 0.3390374449193432 0.12612039110519824 0.12315202088062405
0 0.061783040004471934 0.17346315782764454 0.05614250666565365 0.09365671132613462
0 0.6955889777746052 0.24290458414917798 0.11905706666616922 0.07479427879620915
0 0.07201381831222939 0.0572362693593329 0.06670084551183714 0.1144725387186658
0 0.958825244444112 0.11793186514793497 0.04711310221917109 0.04945016095679433
0 0.6276135822240677 0.06517451316538231 0.16238364444838638 0.13034902633076462
0 0.7424573867633525 0.050317616500875406 0.06143786647460536 0.10063523300175081
0 0.7969687442036553 0.02693985263177595 0.04358300936097903 0.0538797052635519
0 0.200042875447414 0.04430931270274768 0.05079624020598003 0.08861862540549537
0 0.14629824817594556 0.04401800100343567 0.05473861474957732 0.08803600200687134
0 0.9482284088877755 0.8165337340403738 0.10354318222444914 0.11157238083333654
0 0.8979495822245048 0.3160602346367775 0.070123519996802 0.09627851661986153
0 0.7852640711081524 0.1596622660731234 0.0700507022233473 0.08047485693263123
0 0.7877398755556593 0.24392417509672948 0.06466218666690915 0.08382494147463815
0 0.8080560355602453 0.3374716445356019 0.1141782755549583 0.08928703583661657
0 0.8239667200017721 0.4150697984375879 0.09036686222793322 0.07071591500592234
0 0.7941478399973776 0.9708624684080301 0.10558577778024814 0.05827506318393971
0 0.4756792888873153 0.6666174507862496 0.10376533334039972 0.07595952559345709
0 0.3119849244443079 0.9435519965983402 0.19289429332647062 0.11289600680331957
0 0.5511549155538281 0.8930758830324145 0.17476266666005058 0.16226061651208545
0 0.11264625777904358 0.40789624784225265 0.09641073777650794 0.12803149184389762
0 0.018530702223587367 0.19563926093718315 0.037061404447174734 0.14441777492975205
0 0.14869105778117148 0.32108536144978794 0.14942207999734414 0.1104071340360886
0 0.03527879111158351 0.5259828568477452 0.07055758222316702 0.10437015847494069
0 0.3651054933356742 0.8340488499610015 0.24641536000288192 0.24477465533981968
0 0.6320349177138673 0.9898705567876116 0.04377339658223922 0.020258886424776912
0 0.2338150399995761 0.510474379959554 0.15495623111103973 0.13626104734925915
0 0.17883761778163412 0.5745629538062904 0.14971335111185907 0.13669801489822708
0 0.18601016889119315 0.40920715048911616 0.03750115555400649 0.06146676855304989
0 0.14017137777991592 0.19319952545546548 0.08213845333084463 0.13050764128796866
0 0.3696201955537415 0.20740097079652042 0.06160383999554647 0.08564563959529758
0 0.42802005333101584 0.22211221161137135 0.06116693333412215 0.08491736034693675
0 0.05759744000000258 0.8404212933832691 0.11519488000000516 0.09875466606385175
0 0.4443312355575876 0.7338740393629835 0.08141027555490538 0.0585536515600108
0 0.5026946844429605 0.9476303603885867 0.15750485333717534 0.10473927922282655
0 0.4043906844428016 0.09080346315025434 0.10565859555370277 0.0722453014272697
0 0.016601031113208996 0.0244574771242822 0.03320206222641799 0.0489149542485644
0 0.016236942220065328 0.08082269722356838 0.032473884440130656 0.04704015898644398