0 0.007074986667268806 0.014613908744069815 0.014149973334537613 0.02922781748813963
0 0.39376103064148793 0.007131098767959421 0.04457088333244125 0.014262197535918841
0 0.7718553600004978 0.35072747985264113 0.054831786660684556 0.0780715979747767
0 0.8734361599975575 0.2760059691043699 0.054977422217941885 0.18658529292113557
0 0.5325761422204475 0.33230200010667915 0.08090055110967825 0.1181269887267905
0 0.14307384888848496 0.24454428036828346 0.06764771556481718 0.33398913088842686
0 0.02884890763606462 0.9843364585905761 0.05769781527212924 0.031327082818847884
0 0.9442729244422581 0.8880887537864661 0.11145415111548373 0.1448548585558488
0 0.09960163555418451 0.16909448978813685 0.053957973337835724 0.17551543947695325
0 0.1744947199968414 0.1273276414312765 0.06539036444284849 0.1179085047771875
0 0.6486476799990568 0.17674142802258574 0.06371555556025765 0.15483229225225847
0 0.5291901155581905 0.17958171936681894 0.08432298666901056 0.18206995796358905
0 0.916908373331858 0.2861654727587283 0.03313208888802266 0.1734034279645551
0 0.9820802844439944 0.3017142471688027 0.03080191999259918 0.13531439275856427
0 0.59498097778091 0.3157336339320197 0.04172458666273293 0.15024412931156483
0 0.7702533688861877 0.2773168728017052 0.054977422217941996 0.06802133629513907
0 0.2033669688894103 0.2973809821693261 0.09881372444538605 0.24055082846152442
0 0.8640062577763779 0.7810316185038175 0.14345102222222417 0.10392553200558441
0 0.23751850666788718 0.9340796251680419 0.11235783111511005 0.052873115792697156
0 0.8164198400038811 0.11749586370124193 0.06517191111213638 0.04988716848204844
0 0.35912419555501807 0.9164552532371428 0.060802844435804415 0.07850856587390187
0 0.02083754666770498 0.8592144498434022 0.04167509333540996 0.0955542967193137
0 0.46423665778194034 0.145789535168812 0.03815651555649108 0.11958354839046037
0 0.756345173333668 0.6198997057060593 0.11002766223003468 0.2837378224904812
0 0.136702293333494 0.6389806373005879 0.16937415111396048 0.17172838435128202
0 0.8591384905752623 0.979639053675081 0.0914370810716516 0.040721892649838165
0 0.46070156776760185 0.9897621433378657 0.04653741556944119 0.020475713324268563
0 0.6614636088876674 0.7028871925458129 0.05934648889427385 0.0660549807491968
0 0.5142260622233152 0.7650094622030443 0.04871509333865509 0.051343728145718415
0 0.02398037333558831 0.7631523486318227 0.026651306667675574 0.08972407528445925
0 0.8348791466663695 0.8989037092894718 0.09233294221469102 0.05724279478378769
0 0.8669553777772105 0.4979492478620242 0.02890865776894813 0.06197661369077556
0 0.6341569422226814 0.5491837340329815 0.0358991644448704 0.05869935444745744
0 0.4859727644465036 0.8430082321946334 0.07434695110552841 0.1043624999047097
0 0.27873336888539296 0.30462736649626376 0.0440547555581563 0.20668581628033
0 0.4651104711099631 0.3535677711968742 0.04004977778014207 0.07996512553765256
0 0.9616184888873249 0.5515142294949018 0.05672504888433538 0.12453585124705124
0 0.7239776711134861 0.03669321635703365 0.06116693333412204 0.04515334957497974
0 0.5895196444458431 0.7734939222441297 0.0954641066698565 0.06263206553950373
0 0.9632932977750898 0.648084135198828 0.05585123555113869 0.07035183175714022
0 0.5807451022219741 0.6882851819171765 0.0728177777698471 0.09205457074637957
0 0.574264319996453 0.5661162401235786 0.07878883555531502 0.1401938676319271
0 0.35482794666766293 0.7965075649307447 0.08526961777566211 0.05869935444745755
0 0.42524273777897986 0.38615829367234733 0.039685688881824444 0.03444763604677559
0 0.24090453333014417 0.8449745877406161 0.12641166221971314 0.12446302326390413
0 0.8115002971815153 0.03480573237841528 0.11404132564655611 0.06961146475683055
0 0.846784853335056 0.5871635272641708 0.07886165332876982 0.11237357805517711
0 0.9089916899645081 0.023262497043534114 0.09411247785513599 0.04652499408706823
0 0.09104554666620161 0.8524394560171568 0.09262421333955392 0.08171299713407265
0 0.5162285511123224 0.5673907298293 0.04063231999882394 0.14012103964877998
0 0.02167495110900038 0.5958300572632451 0.04334990221800076 0.11193661015605194
0 0.4671129599989703 0.02249780322008521 0.10551295999644533 0.04499560644017042
0 0.9673561599985179 0.7393250245978147 0.06528768000296425 0.10883015394376916
0 0.5211738593514181 0.9888153795564681 0.06574777382322489 0.022369240887063713
0 0.9479866311109315 0.10236151907013569 0.10402673777813709 0.09996506917062442
0 0.11538223809976544 0.9650734570380181 0.10992373713395663 0.06985308592396389
0 0.596485510499527 0.029889843513397962 0.05051200122882926 0.059779687026795925
0 0.45866609777634343 0.5878553931044725 0.07172551111628611 0.11521386939936984
0 0.014611626664797464 0.2050040248508514 0.02922325332959493 0.048951083405189055
0 0.9515696355555621 0.30226045704272947 0.03502535110132565 0.1353872207417114
0 0.5802717866686484 0.9274886926897516 0.09619228444579575 0.09023387116673165
0 0.050765653332281446 0.34892708448663484 0.10153130666456289 0.1672536578210192
0 0.9814463581579427 0.006293576961322933 0.037107283684114645 0.012587153922645866
0 0.7924697605479094 0.9793841557339448 0.07986716334190624 0.041231688532110455
0 0.8387748977738536 0.9405613156715307 0.08803669333250985 0.03291824839987767
0 0.07844807111347715 0.7050720320413986 0.06626417777604526 0.07246384326945743
0 0.14012472888765237 0.7354777150213264 0.08097336889348097 0.056077547052787
0 0.07593585777924292 0.7726928144290668 0.07580330666775505 0.07049748772351527
0 0.6653229511135982 0.5485646961758672 0.02716103111290269 0.05848087049793538
0 0.6496307199976097 0.6242693846971499 0.06597290667187838 0.08899579545258396
0 0.4592850488869267 0.6923999629671309 0.08898332444950935 0.08702943990656087
0 0.4677319111095535 0.7629338646822197 0.04849663999759485 0.0512709001625713
0 0.5255492266681459 0.6894504296481366 0.041360497785111305 0.09132629091450428
0 0.3082621545530856 0.9810227853556037 0.032037468668487334 0.03795442928879256
0 0.40522455757276876 0.9778911820786609 0.05671163151661557 0.04421763584267824
0 0.35257059555604225 0.9749780627512402 0.057890133342395234 0.05004387449751957
0 0.22804475122441847 0.9806586454397065 0.09297341356674826 0.03868270912058702
0 0.26012842666564717 0.6760864947336075 0.04325375999841424 0.13684378040538125
0 0.36283790222369133 0.7470937783394356 0.09881372444538605 0.048721920751047865
0 0.347364124443589 0.6830051531362215 0.12612039110519818 0.0740660588995834
0 0.38286279110858834 0.6192442538573311 0.05089962666647302 0.05636885898553723
0 0.3261377422190789 0.567427143820914 0.15837866667037206 0.06416145318632083
0 0.9806089955537269 0.9847388565750669 0.03878200889254613 0.030522286849866243
0 0.8604381866649621 0.6827502551950853 0.05650659555362325 0.08346086873049263
0 0.8226821688883421 0.6839155029260455 0.023957048884282517 0.08244127696586723
0 0.022960924445134073 0.6833328790605452 0.035098168885128365 0.06423428116954866
0 0.9914952533319592 0.2123228101197278 0.017009493336081483 0.03953577024770094
0 0.9893107199989672 0.17041492526920987 0.021378560002065394 0.04586256583929882
0 0.871688533336338 0.17324568482970526 0.05235598221835158 0.019372243527399968
0 0.8212986311099182 0.25958325889604505 0.04696746666191354 0.0423130582307063
0 0.8201699555541078 0.20183066822998508 0.04747719110714066 0.0737747469669141
0 0.8148542577814725 0.15274460756299957 0.06903125333289295 0.022649502770717866
0 0.8713972622218231 0.1274004694144641 0.04638492444323172 0.07115293957224356
0 0.76002247111044 0.11684041185255406 0.047331555560231164 0.05221766394396876
0 0.7556534044444561 0.1573327705036931 0.035971982218325205 0.029204021257353663
0 0.7591850666691445 0.2082395307503267 0.05206471111418476 0.0723181873031632
0 0.007948800000465578 0.1392921858535225 0.015897600000931156 0.041334976825787906
0 0.2731992177768714 0.09422732307349063 0.04449166222992873 0.04092932655018344
0 0.2318023111153808 0.11192452298757716 0.039030328889687854 0.08520874032699366
0 0.2744007111113105 0.15817029231028917 0.04529265777932273 0.08666529999066352
0 0.11452927999715838 0.33099109640938434 0.060074666670213134 0.1543953243531332
0 0.37135758222494686 0.2973445681777121 0.062259199998031034 0.04748384503690006
0 0.35908778666829066 0.25583261776202837 0.03903032888968788 0.03612267965996763
0 0.3192564622188608 0.20434323364989454 0.042234311107960054 0.23974972064642108
0 0.3896348444486244 0.17572183625800064 0.02177251555646459 0.03422915209717248
0 0.42138339555304916 0.1289298570613619 0.039103146663142574 0.09780798141799296
0 0.4236407466698438 0.2508074869222095 0.03997695999633932 0.14565596637095213
0 0.4644915199993799 0.29199171141356955 0.038083697783036385 0.040128218735160925
0 0.46438229332884984 0.23875445570501563 0.03815651555649108 0.06649194864824115
0 0.5923959466680471 0.13715941916131114 0.040923591113338875 0.09067083906593765
0 0.5934518044400546 0.21093416612818477 0.04041386666811175 0.055713407136808946
0 0.6486476799990568 0.318282613343543 0.06371555556025765 0.12781311049045008
0 0.36165517601701946 0.022789115152794914 0.043507496847046745 0.04557823030558983
0 0.40183182222147784 0.027553304467219986 0.04893354665901928 0.05017848041471773
0 0.5464088843824964 0.025265266581130763 0.08512925346278488 0.050530533162261526
0 0.3053482666663412 0.01983958183380069 0.07441976888933116 0.03967916366760138
0 0.25332435186848873 0.013467133305073098 0.060794069586942584 0.026934266610146196
0 0.13377726757381525 0.006038679020146376 0.03759860262895624 0.012077358040292752
0 0.0967297007640203 0.00866048641481687 0.03581761179698838 0.01732097282963374
0 0.045895170363494095 0.01343071931349954 0.06699906371326911 0.02686143862699908