0 0.9563111822224326 0.1201981741211165 0.08737763555513489 0.240396348242233
0 0.7686616177774137 0.19087345807386408 0.22762837333397734 0.1803215824364207
0 0.2962198755548646 0.6497977115968977 0.10835285332674782 0.13232807564090043
0 0.17435932444512015 0.6297700721906225 0.07624021332917943 0.05236317357504172
0 0.0581071644452297 0.4077545858992502 0.1162143288904594 0.1449272815220375
0 0.6819356444446991 0.026869374487736908 0.08461425777317755 0.053738748975473816
0 0.2055617422227644 0.41055845541615293 0.18466588443972998 0.20719503313070453
0 0.8124251022210551 0.023592124403055303 0.09408056889143257 0.04718424880611061
0 0.14501375999922553 0.180896052260537 0.1674080711065067 0.13181828118331118
0 0.20341361777649986 0.7116649104174877 0.1114840177819133 0.060155745998527244
0 0.07201393777504564 0.6999032240025174 0.1031099733379152 0.09329238574360954
0 0.8678394311107696 0.8270241133978105 0.25573603556387947 0.1197288697598442
0 0.7804945066674716 0.5773340708359194 0.2842077866610554 0.224382389130226
0 0.05491308817226026 0.9833903112819852 0.09716157190915611 0.03321937743602965
0 0.8845875199987656 0.14153263735470922 0.06407964444822734 0.09780770808237294
0 0.739498097780678 0.41194218322967885 0.0376467911112639 0.05207186245639617
0 0.6876154311104781 0.42286635017856355 0.06961379556192293 0.05367407360886589
0 0.5961563022238099 0.44919359252536684 0.11519772444541254 0.07020597959155617
0 0.9650857244463016 0.40322125778056916 0.06982855110739672 0.10075763548877625
0 0.2239846400036994 0.7673053340771707 0.045147022222065264 0.04646412342267148
0 0.17246606222146915 0.807615510118637 0.06371555554990965 0.04100203994818874
0 0.07190471110968955 0.5124809330493337 0.05104526222373049 0.07617785752362827
0 0.026212977778373493 0.5302026573948619 0.052425955556746985 0.053067771368707994
0 0.015617991109482116 0.1735362216934035 0.03123598221896423 0.046310018220116045