0 0.0763811555535843 0.3665412945688492 0.1527623111071686 0.08943243908052767
0 0.9365742933315535 0.39831126699418884 0.12685141333689287 0.1939787458130795
0 0.9181513955557925 0.16773872153500857 0.16369720888841488 0.19397888426688614
0 0.4687550577800721 0.5511958943253759 0.21313763555760185 0.13480405985653865
0 0.30600732444371614 0.6177239919369242 0.14512583111516306 0.09846304101896486
0 0.1281499022255755 0.8134120031928156 0.12743111111016736 0.17347556487214322
0 0.10634097778238355 0.6204186165801913 0.09080376888935764 0.0955499332965074
0 0.5123364977797287 0.7034786005166593 0.2194727822206915 0.2242364669358774
0 0.08744476444812284 0.5142358400967021 0.09553692444331116 0.10268704721656463
0 0.25303239111478126 0.46285590264190823 0.17782101333141326 0.10290553029571448
0 0.3110317511121846 0.7299150530979668 0.1309991822164092 0.1502435307855875
0 0.014303999999538065 0.8419218317706678 0.02860799999907613 0.12212761475265677
0 0.007349902220691244 0.5161119872537714 0.014699804441382488 0.059683962585176165
0 0.02468053333254324 0.6788588104803365 0.04936106666508648 0.11877390781985953
0 0.4645316266661717 0.43834938392676226 0.1853212444525626 0.12977894903536225
0 0.12403569778220522 0.6939017588790775 0.11920270222342677 0.09030633939610011
0 0.8984163555523588 0.533098212599612 0.1363148799993925 0.06743844377482133
0 0.6257705391436401 0.9814636285239045 0.10395167384089699 0.037072742952191096
0 0.021258097778384884 0.5736809592399008 0.04251619555676977 0.05465621300620638
0 0.24447630222162436 0.415153763686718 0.12590193778483402 0.03459315420413167
0 0.45557504000349175 0.34181627677395876 0.1401742222201493 0.10130332104831852
0 0.43332920888852744 0.2342861879688562 0.15277169777287375 0.16211444475456716
0 0.0605432888906863 0.14520619248917843 0.1210865777813726 0.09916786421828672
0 0.28918641777709125 0.1272658930151574 0.3510545066661305 0.11310140732435603
0 0.19514225777756009 0.25333062970440456 0.26694997332783205 0.14150420761821514
0 0.2678144000004977 0.35430622613395774 0.23986176000908016 0.1072023641862564