0 0.9311096888863378 0.3848415029321876 0.13778062222732435 0.09958733729683822
0 0.048257238655868506 0.9906035040031056 0.0806720595392916 0.0187929919937887
0 0.13094684444885288 0.939951843478906 0.22012814222317603 0.12009631304218804
0 0.044993422221806315 0.7285313269297611 0.08998684444361263 0.10363380722634907
0 0.37561457777499324 0.9301201049156222 0.1448345600006481 0.13975979016875562
0 0.13633536000011698 0.8088238585299391 0.1930399288940761 0.24848808872532158
0 0.2256463644405206 0.39447069885730246 0.2823873422212071 0.2784202705735537
0 0.3822045866658704 0.5051687923105643 0.09247857778229646 0.0482847604997384
0 0.42662343111199635 0.37142073400338516 0.11912988443962402 0.10560015493902197
0 0.7961372444457893 0.5332074541392274 0.13434880000228688 0.09198137633651915
0 0.7934065777808428 0.37484363557724637 0.1435966577794816 0.1254092874516356
0 0.5131673600007263 0.2128384323622945 0.2844990577755702 0.17908329723790817
0 0.15945500444310406 0.20639318152632002 0.17942300444054937 0.09132592709898857
0 0.5398550755551292 0.5537448635824757 0.21335608888831403 0.21185575911549392
0 0.789547235554912 0.6282111797377388 0.15947093333428097 0.11914610584834007
0 0.01564785777591169 0.3027585247376453 0.03129571555182338 0.049842752636189314
0 0.9403575466687066 0.8247367094638396 0.11928490666258662 0.16670258941752458
0 0.9758926222204334 0.5173326637255962 0.04821475555913313 0.06109914113098691
0 0.9779679288880693 0.6819515673363534 0.04406414222386146 0.11857638406519388
0 0.918034204447435 0.7187360022130292 0.08119182222419319 0.04966848666790358
0 0.008074808886481656 0.22721548688715554 0.016149617772963313 0.07456272798530272
0 0.7977392355549253 0.7743035320188304 0.16740807111685474 0.18177792188113484
0 0.01557504000245697 0.3931740782564068 0.03115008000491394 0.1297346770907517
0 0.45956423607033986 0.9448312989140364 0.07523924341011379 0.11033740217192722
0 0.38406143999762005 0.453970924088409 0.09298830222752363 0.06081112370624875
0 0.5583871999962462 0.3729137017111658 0.14745600000023845 0.10509036108753733
0 0.04858993777694802 0.20945194463490435 0.04449166221958068 0.07734301003112809
0 0.3211468799971044 0.19616089065120745 0.0683758933304085 0.07654190540747052
0 0.26788067555882866 0.19758103066592464 0.04223431110796 0.07574080078381284
0 0.9810626844461594 0.5752910034402531 0.0378746311076813 0.05442400129362546
0 0.9058008177775062 0.5321878664363391 0.08410453333829837 0.07508535154628226
0 0.9060920888920211 0.59580285632543 0.0727449599963923 0.054183803637676275
0 0.9264810666700618 0.6579248785067805 0.040559502225369304 0.07632342232823963
0 0.8915649422185703 0.6600732954520918 0.03742833778055188 0.07610493924917072
0 0.7006731377811067 0.7598836487927104 0.056870684441592934 0.04617275740085769
0 0.7046052977753182 0.7058090866946092 0.04842382222414021 0.07566797309078988
0 0.8749988977797329 0.3221527996473507 0.03342336000253754 0.04580861893558075
0 0.9303404088908186 0.27066362065298194 0.09706609777899255 0.1429607614794034
0 0.9215294577802221 0.16287863492217747 0.13070791111224223 0.08863130245568107
0 0.9899464533353846 0.1508853542707787 0.020107093329230996 0.09018693429558067
0 0.7663911822251975 0.1434700547213118 0.17112177778035398 0.0917628932573693
0 0.7684664888876593 0.19823647990345528 0.15459214222307005 0.043405305064607935
0 0.7852509866675569 0.26571133752482856 0.13922759110314975 0.11484927195779826
0 0.009239893334193363 0.8101822525556219 0.018479786668386726 0.06085663580796419
0 0.021436871112220816 0.90444661951951 0.04287374222444163 0.0694776191805172
0 0.03246876444253657 0.8270678226462986 0.06493752888507313 0.13742460279772384