0 0.34073116444568663 0.6445583053621055 0.08009955554993614 0.08775740487206263
0 0.25993984000136455 0.5070595664423245 0.10391096888730922 0.14296081806114702
0 0.04832298666652706 0.4262207951494199 0.09664597333305412 0.24011299905642391
0 0.37171512888744473 0.4633629333110324 0.18124344889074562 0.1604394713137609
0 0.20838485333240697 0.6699387664392182 0.12692138666494027 0.13720742803223074
0 0.18511957333733636 0.5564003480197219 0.09728455110970471 0.1543947703972942
0 0.0661269333317048 0.6833754811270918 0.1322538666634096 0.23807382284365275
0 0.4222506666659481 0.5928870366843462 0.14964053332805632 0.16823203755544847
0 0.0673170732644697 0.9444658630744258 0.12775571097930272 0.11106827385114848
0 0.7231701333334462 0.9282222821060464 0.14956771556494963 0.1332019033285352
0 0.17179474893233015 0.973123571636358 0.10515052896613876 0.053752856727284026
0 0.9473652198910714 0.9614347222737458 0.09566085756652887 0.07713055545250846
0 0.7740697599999193 0.44941642456994574 0.12102314667362302 0.11914615300459708
0 0.7775534106780672 0.9762551636774429 0.07993071469374824 0.04748967264511417
0 0.5454947555592905 0.21720523333810143 0.13369343999980227 0.26822449970421947
0 0.7898348088841884 0.09372755447392778 0.1448345600006481 0.18745510894785555
0 0.4572760177776217 0.8057988816165489 0.09153194667564496 0.10392515913061917
0 0.8354187377728521 0.7100304273371764 0.049152000000079465 0.03575841144578895
0 0.759105706670218 0.3463287842410538 0.07740529777689109 0.11441235108210679
0 0.9076903822210928 0.058187626193841935 0.11912988444997197 0.11637525238768387
0 0.6013824000023306 0.4733039173484237 0.032403911112083295 0.031170264966992933
0 0.2988741864088095 0.9741795736037077 0.09148561725806859 0.05164085279258468
0 0.23510897777871126 0.8960688428935913 0.20134115555427137 0.19445001743424806
0 0.5471695644470553 0.9689359776279235 0.10878975999852025 0.06212804474415301
0 0.9232733866665512 0.16535189535564337 0.11636280888277617 0.06459818931246042
0 0.37681237333454193 0.8411931544529 0.07624021332917941 0.08528126232796596
0 0.6572700444453706 0.7101396689199471 0.16121856000067458 0.12060270744234858
0 0.012278186664399173 0.8138216811165655 0.024556373328798346 0.0555910519838142
0 0.8365838222205639 0.486849873619068 0.06269610666980341 0.055349068632940424
0 0.5419995022265034 0.9065560348451193 0.057671680001335046 0.05928176561470777
0 0.5950472533340669 0.8887860707050359 0.07230805333496804 0.06772978135350494
0 0.9307007999987238 0.5671424369978361 0.08985713778270621 0.07960070002081587
0 0.6877806933338029 0.8107147528438592 0.15772330666788748 0.118272220342027
0 0.9748895288910717 0.7294390152196291 0.05022094221785667 0.09817176910162217
0 0.5961395200031498 0.3914091440881694 0.09939626666406787 0.08775740487206263
0 0.6771857066649116 0.33664269723028917 0.09881372444538605 0.08032897723969157
0 0.8984789333357993 0.7535085773027653 0.1448345600006482 0.11586890551977747
0 0.6767487999983133 0.1945558118316718 0.09094940444661515 0.09707935327334893
0 0.6527917511140306 0.1064706822112162 0.12124160000433526 0.12686589152451833
0 0.9287230577785521 0.8809206767414204 0.14255388444289563 0.10574585217776822
0 0.9268778666698685 0.6439392697260813 0.09881372444538605 0.09088899691310715
0 0.9830815288910849 0.5644743108854691 0.03383694221783018 0.08420867502675489
0 0.6532650666621824 0.25645937543437275 0.10631395555618739 0.0988272185985698
0 0.45632938666579625 0.8983993299939533 0.11133838222465586 0.07792566241744203
0 0.014416352157584494 0.9668719892459261 0.02883270431516899 0.06625602150814769
0 0.9853388799975316 0.6569467340649408 0.029322240004936884 0.0862854184696078
0 0.5742577777761553 0.829249408063661 0.07645866665989154 0.07071571795077425
0 0.9282249955563909 0.24517107854212195 0.10558577778024802 0.06095680321808161
0 0.027032177781479226 0.7902137491330927 0.04354503111292919 0.06590908830635589
0 0.6963367822269599 0.40455454788849277 0.10143516444497636 0.09904570176427296
0 0.6570879999962118 0.5179108970032499 0.1547377777803276 0.10305122646796838
0 0.43433387940749524 0.9925321595188512 0.03758755332479874 0.014935680962297693
0 0.7828807111156897 0.6209985373321418 0.040632319998823996 0.033063785735989004
0 0.84426609777535 0.6119678998183654 0.07922574221673939 0.05593169040804091
0 0.5247052800013787 0.8058352954775129 0.056579413327078054 0.042677045024906546
0 0.5510653155545393 0.7495758803209576 0.06939534222086274 0.10683826800596063
0 0.1917459911149409 0.4544779512409907 0.06801180444243879 0.05338272014201639
0 0.10370929777725703 0.48765097855983136 0.11519772444541257 0.0690406803474003
0 0.1496937244457917 0.38565575405921265 0.16464099556000694 0.1368432894228332
0 0.7983908977773455 0.22954953219766144 0.1495677155546017 0.11827222034202689
0 0.9675349333323539 0.4109998012753613 0.0649301333352923 0.09445755528547695
0 0.8494725688878033 0.3483679604538655 0.05730759110301731 0.06882219718177807