0 0.699398826668039 0.8653648934509623 0.07208959999390774 0.18287077311735012
0 0.7867801599980642 0.21941813034309893 0.09844963555741637 0.14288827433537177
0 0.7999237688879173 0.3903451333324562 0.0934252088889479 0.15279286419760185
0 0.9534647466666583 0.7921745826854361 0.09307050666668348 0.04027041984568258
0 0.8499495822211934 0.03844699767043297 0.2233321244517963 0.07689399534086594
0 0.42053979055749047 0.01164634274921622 0.13086025888721148 0.02329268549843244
0 0.5164399100105381 0.015615461480767812 0.056005371082574196 0.031230922961535623
0 0.6354029965742181 0.02755923160867979 0.16265292241134577 0.05511846321735958
0 0.6813400177750737 0.1927995450884516 0.0943718399955994 0.11630610301406252
0 0.6513755022237697 0.07347108560906285 0.15342705777535837 0.08200417782951719
0 0.5171359288868391 0.16319501730185654 0.05461333332997237 0.1102613900834909
0 0.584055466665369 0.28288761611434354 0.15349987555916111 0.05702421957419612
0 0.2163620977817724 0.9745402630732412 0.09954190222132539 0.050919473853517805
0 0.20275337492219275 0.9916183977988375 0.08155182891835769 0.016763204402324927
0 0.8762368000008993 0.11636669905631253 0.19697208888828754 0.06685598156974992
0 0.8572313600012826 0.07958862640627029 0.2230408533372813 0.07894540743097411
0 0.927942115554793 0.2672296247881256 0.144115768890414 0.06765708810270366
0 0.9228401777800173 0.23139831440434916 0.14337820444876948 0.05134364597676322
0 0.9207648711123815 0.348651179684637 0.15466495999652474 0.07581380916575475
0 0.9223304533296162 0.42410084951717214 0.1547377777803275 0.08149438276310683
0 0.03767523555498984 0.10941958951482716 0.07535047110997968 0.21883917902965433
0 0.14004906666879025 0.09120467113438169 0.11279473777653443 0.03473889238427952
0 0.1313109333316485 0.2622773298570105 0.10667804444415702 0.05542200650828877
0 0.13003662222375473 0.317080299498915 0.10500323555121821 0.05258171970961267
0 0.12927203555591404 0.3723930642072298 0.10507605333502094 0.06095692437245004
0 0.10535139555318487 0.4878252328217028 0.12684856889148555 0.058480776906831955
0 0.09861575111022426 0.5205977728068958 0.12648447999316784 0.05629594090791867
0 0.09188010666726364 0.5534795545919818 0.12699420443839496 0.05869926050677976
0 0.08539932444174257 0.5850504347777442 0.12597475555828877 0.05367413770910967
0 0.06924174222060375 0.7207889282325813 0.1384834844412075 0.1148748455821973
0 0.017031395554335582 0.4551228350128629 0.034062791108671164 0.07187573298693528
0 0.04178943999836014 0.971596365147311 0.08357887999672028 0.05680726970537797
0 0.07582378666847944 0.8475584800590077 0.09939626666406791 0.1460927004672674
0 0.6149302044469449 0.41863875951964674 0.27495992889420856 0.20981708377171715
0 0.02686179555538628 0.8322933575392206 0.05372359111077256 0.14428737272150383
0 0.46499126408145663 0.9672210624765223 0.05561851038494042 0.06555787504695554
0 0.42016604706748495 0.9692966566755827 0.04228110746997921 0.06140668664883453
0 0.3890102182928886 0.9722461852742732 0.041573289926681245 0.05550762945145371
0 0.3578674398207416 0.9752321278062612 0.039872124077131366 0.04953574438747754
0 0.3546794666701721 0.9232630474248289 0.040486684441566445 0.055276350775017136
0 0.2885511909301082 0.991836881398745 0.04090412408113475 0.01632623720251003
0 0.3257255813934737 0.9899069429329561 0.03704661168158052 0.020186114134087663
0 0.44238848000143965 0.9058936012326487 0.09619228444579575 0.059281883439785465
0 0.3854449777760439 0.9213695228923378 0.03720988444983958 0.04318692491379306
0 0.41977856000367963 0.8779277004452992 0.1204406044445932 0.05607745730797087
0 0.426587022225269 0.8435529473941988 0.09109504000387258 0.054038277042248506
0 0.43769173332903943 0.7804840148893502 0.1274311111101673 0.07341048956681284
0 0.534757831113206 0.7771703469575211 0.06524472888559096 0.06955061263523521
0 0.5255463822227385 0.7157400414519584 0.08075491556276876 0.05083385091035286
0 0.6465331199992862 0.729759405778931 0.1603447466674779 0.08586405476117565
0 0.7084464103345656 0.9783637260714806 0.09003913178005152 0.04327254785703882
0 0.5563847111124132 0.6086102496337678 0.11665408000763922 0.16138655246038702
0 0.7202611199994053 0.6347190398219239 0.2177979733381007 0.2690989672116644
0 0.9155948088918295 0.6259432818925693 0.16485944889071913 0.03218991705214669
0 0.9150122666627997 0.5972126885056042 0.16485944889071913 0.032117089185470515
0 0.9143933155573905 0.5685549229851941 0.16478663111726433 0.032189917052065975
0 0.9137379555549059 0.5366199034662928 0.16493226666417382 0.03852594144926169
0 0.8990698666673982 0.699547936359104 0.20186026666520374 0.10914478161760821
0 0.5050481777741678 0.3396205242220773 0.07500231110801303 0.05425676064211549
0 0.4059431822246148 0.338127552956063 0.11825607110642727 0.05913622770659477
0 0.4769041066678862 0.3931490061978345 0.06109411555031935 0.050615367310404946
0 0.3909427200030121 0.4104456245233788 0.10209052444746097 0.083752046628777
0 0.39698659555676086 0.4646659712321562 0.12815928888610667 0.056441596641190306
0 0.4234194488885502 0.5025364618817358 0.1944234666725 0.07158979290095757
0 0.38333326222168074 0.5281718709368197 0.12910591999275817 0.06051995717263503
0 0.376488391113364 0.5599248207891112 0.12794083555539448 0.05542200650828877
0 0.3699347911143882 0.5904032829753362 0.12852337777407635 0.057825326107149744
0 0.3962584177756475 0.6322428923563865 0.19704490666174224 0.07683339929857547
0 0.3877751466662933 0.6716791821385355 0.19842844445051416 0.08346073516223373
0 0.35759217777910335 0.7076561482556241 0.1545193244496153 0.06991475196845476
0 0.28284472888852985 0.7360226023094909 0.12896028443550073 0.060811268639178295
0 0.27581781333622835 0.7686494865613718 0.12815928888610667 0.05673290810773368
0 0.2693006222239799 0.7989458790810273 0.12794083555539448 0.05615028517456622
0 0.26278343111173147 0.8292422716006427 0.12815928888610664 0.056732908107652746
0 0.2561934222208543 0.8597935616535035 0.12808647111265198 0.0566600802410574
0 0.24993109333121943 0.8888882943736882 0.12750392888362208 0.05381979344230048
0 0.24399644444282687 0.9164172279612228 0.1274311111101674 0.053528481975757214
0 0.22324337777681647 0.94303581321587 0.09961471999478008 0.051999096776526144
0 0.5203035022235579 0.8524379471234869 0.04842382222414021 0.042677129847301765
0 0.5210680888862246 0.8863393190414746 0.04805973333617053 0.027310449987667518
0 0.5220875377766787 0.9289436210222214 0.04878791111210978 0.06008298997282013
0 0.5544001534788146 0.9787642793379978 0.015837320292161672 0.042471441324004267
0 0.5232118944327037 0.9789463490045672 0.04841518441422116 0.04210730199086554
0 0.7696282026357948 0.9543669440156826 0.028173738614552524 0.09126611196863477
0 0.8263913734712535 0.9543305300823849 0.08563039139327078 0.09133893983523023
0 0.8235167288894041 0.8471215128592331 0.1196396088951992 0.11433975061493562
0 0.7443638044409454 0.8653284795176243 0.018131626666419987 0.18279794525067383
0 0.6195905422222697 0.815623460540147 0.10267306666614284 0.08353356302891002
0 0.6145297066670738 0.9284338259557706 0.09240576000884182 0.14223282353568978
0 0.964787911111489 0.988263081510329 0.07042417777702215 0.02347383697934191
0 0.9629674666664667 0.9611773383930091 0.07406506666706669 0.03581653761308978
0 0.9611470222214444 0.9281618892070351 0.07770595555711124 0.03557407734829365
0 0.9592901688896948 0.8952565262215375 0.08141966222061048 0.03583972334898389
0 0.9574333155579451 0.861949949267125 0.08513336888410983 0.03661648582096044
0 0.9555400533342941 0.8278872851259498 0.08891989333141181 0.037594521066936726
0 0.8331347957667377 0.016635051613628937 0.20091998566769897 0.033270103227257875
0 0.9084950755557253 0.14702723090914732 0.1438151111205418 0.053892621308976874
0 0.9133374577750348 0.17546651282960957 0.14315975110770918 0.05017840011067087
0 0.9180706133341623 0.2031411021504158 0.14359665777948172 0.05236323610966487
0 0.4123147377796057 0.2669383133215823 0.10347406221553684 0.03342799078491543
0 0.41165937777712114 0.23547667493579383 0.10347406221553679 0.0338649579846495
0 0.4245845333362619 0.20179378661771363 0.13078072888569697 0.03510303171741813
0 0.42389276444704993 0.1701500785653558 0.13070791111224228 0.0338649579846495
0 0.423200995557838 0.13828788691309046 0.13078072888569703 0.03539434318404244
0 0.42250922666345203 0.10485989612821545 0.13085354666949972 0.03714221198322143
0 0.4462478222221964 0.06837313494471653 0.17993272888577644 0.041366228247937675
0 0.14004906666879025 0.03982461122428038 0.11279473777653443 0.06816688316911401
0 0.14012188444224496 0.2155946673447786 0.11279473777653443 0.03182577771892725
0 0.14012188444224496 0.184788479758753 0.11279473777653443 0.02993225318647652
0 0.1400854755555176 0.15299911597312355 0.1127219200030797 0.03364647438478241
0 0.1400854755555176 0.1223749980536269 0.1127219200030797 0.027601761454210894
0 0.11478129777436455 0.43753759091109845 0.12794083555539448 0.07020606343491731
0 0.08106666666766008 0.6247052081598006 0.14920362666663195 0.06991475196845476
0 0.07350158222123153 0.6612647972099355 0.14700316444246306 0.06947778476855893