0 0.9842601244441337 0.566681381645193 0.03147975111173262 0.280444283164591
0 0.6580616533342335 0.6538381557755504 0.20206933334055877 0.37535452557039617
0 0.8489898666635983 0.6308973960637694 0.1907097599986527 0.37448059186706406
0 0.007558542220956749 0.24061836892667948 0.015117084441913498 0.06817722725420328
0 0.14415018666639096 0.4860064708363071 0.09000277333996363 0.05367409494473829
0 0.017789440001878473 0.6222291782576717 0.035578880003756946 0.05913276342718288
0 0.017825848888605833 0.8656754173819214 0.035651697777211666 0.07249883010055436
0 0.34428984889139735 0.799748670323486 0.10361969777279428 0.14762196805027405
0 0.49662464000284673 0.5507868065939213 0.10012444444000723 0.08520853607237622
0 0.33478712888641493 0.6752131176022556 0.10660522667070232 0.09198152227299805
0 0.3748733155584584 0.428181190800822 0.0647350044403639 0.16189621853762792
0 0.2579643733333796 0.09524886374514702 0.03859342221791548 0.08346066866579271
0 0.122341262218025 0.6322447105230125 0.07740529777689113 0.10960585195637751
0 0.5147926755559941 0.2892985597836267 0.051991893330381955 0.04945008204546142
0 0.4825708088878956 0.07729680892307861 0.08075491556276876 0.13888263101719545
0 0.7365019454155117 0.9922382034299995 0.06563990860142632 0.01552359314000118
0 0.16031573333053126 0.7129015085573823 0.1080615822225809 0.07195387490565719
0 0.27675136000228423 0.4354275577573952 0.11243064888856477 0.04427930763420085
0 0.2822126933321771 0.2118461853280199 0.13573233778071073 0.1056003224828932
0 0.3350419911142025 0.08082895764061154 0.14046549333466424 0.10225024328694843
0 0.11589688888957932 0.3751625461335019 0.11403264000804889 0.05731548537520792
0 0.4492202666691608 0.25951198606253173 0.06109411555031935 0.05483933988251455
0 0.5548788622228635 0.0482070543414414 0.08148309333870807 0.0964141086828828
0 0.047520995559170845 0.6421128785895012 0.034661262223704 0.1056003224828932
0 0.4200203377805236 0.05963606533537341 0.054540515556517566 0.07763444397707364
0 0.6153176177810464 0.3772381386788551 0.09415338666488726 0.08083886755587721
0 0.3537561600044784 0.5811560027838234 0.14308693333425454 0.10734818988955752
0 0.5996617955569592 0.2180729629640794 0.07245368889222537 0.09183586665585697
0 0.44299434666625326 0.7786286058269398 0.053302613335351134 0.16291580785818216
0 0.20586325333246755 0.8304091777478726 0.05774449777478974 0.09882733628227136
0 0.08243712000031438 0.08286813628163897 0.1055129599964453 0.09598705174648237
0 0.2779528533315493 0.37498047661203504 0.1321642666641209 0.08943254897173403
0 0.4099350755568594 0.18395313463081125 0.12277077334001663 0.031898580170733326
0 0.13879807999668023 0.4478082852209032 0.0883279644470248 0.04413365201697883
0 0.5074380800024503 0.2560890790579355 0.05781731555859254 0.031097474276052695
0 0.5099502933315105 0.22218773415050042 0.06371555556025765 0.04894028738514389
0 0.5005203911103309 0.17219144354047666 0.06713799111959007 0.06736572296328491
0 0.4109545244421396 0.21723544316507298 0.12277077332966857 0.043405373930949565
0 0.6759020088861386 0.40363821929959864 0.05789013333204718 0.07625071561350483
0 0.5851346488886824 0.3173372660980168 0.08592497777814667 0.0691135903698683
0 0.5410434844437986 0.3691906658276012 0.07609457778227002 0.11994740077881771
0 0.4584317155544543 0.30164287334284934 0.060147484443667854 0.05025118794014216
0 0.48326257777710757 0.3813164959609908 0.0851967999918593 0.12191375161135531
0 0.34720256000032856 0.46190046618674974 0.032112640007916415 0.10203175986115576
0 0.4385524622216407 0.4148172879210856 0.06626417778639326 0.1622603575806426
0 0.4063305955587162 0.4215902741217074 0.06342428444574277 0.16167773511175454
0 0.28297728000001776 0.5000986518021131 0.11264910221927696 0.04675545312689444
0 0.27980970666847294 0.4671076545022956 0.11199374221679234 0.04020095035206517
0 0.28974933333487973 0.29654492674019983 0.13274680889315077 0.08258673496254154
0 0.5771611022245553 0.1629423118471613 0.0683758933304085 0.03328230853430203
0 0.5733381688905259 0.14269618105386628 0.06801180444243882 0.031534441127637924
0 0.5695880533351252 0.12281418930362625 0.06823025777315095 0.03255403044819205
0 0.5656923022224671 0.1022767472758872 0.06830307555695381 0.032845341682635976
0 0.43170759111332396 0.12161253046156478 0.051118079997185206 0.059573147442108954
0 0.3334764088866198 0.13344704936055085 0.1599078399957054 0.04711959216998984
0 0.22424974222667515 0.11207208753380538 0.06364273777645493 0.1072025342723355
0 0.40294456889128516 0.7130835780788897 0.029418382224523365 0.03983681130905059
0 0.39733760000413487 0.6609752810192274 0.03262236444279548 0.06991469626454916
0 0.4409554488905188 0.6197911552508933 0.03262236444279554 0.06532654432217666
0 0.4342562133291116 0.5571592398472028 0.03262236444279548 0.06547219993947961
0 0.5063822222252687 0.6417487395464461 0.10318279111136996 0.11404834828152799
0 0.5220016355522805 0.7721833447650472 0.09859527111467387 0.1562884772747014
0 0.40771413333714007 0.7979643890125769 0.0466761955577466 0.13181833358212947
0 0.08487651555074585 0.7706903746885821 0.06553600000010597 0.05993728648512353
0 0.047302542223284644 0.8615430659281702 0.038447786660657984 0.0718082192884354
0 0.07566506666545239 0.8464312956418099 0.038229333329945804 0.09635119078957788
0 0.10424604444350634 0.8429355608286027 0.03990414222288463 0.09664250202410274
0 0.07843214222230017 0.7183635942030464 0.06531754666939377 0.058262246887191615
0 0.16672369777742357 0.7653739446600996 0.10602268444167243 0.05556761796862464
0 0.13308188444417385 0.8394034121110696 0.040632320009171954 0.09671532983267339
0 0.1651581155601889 0.8354342965418706 0.04653056000048916 0.0973707801101319
0 0.021357511113294297 0.6786440631791915 0.04271502222658859 0.0608272973331353
0 0.025253262220778398 0.7389821248487978 0.050506524441556795 0.06527023813240873
0 0.028857742224095595 0.7985801337427716 0.05771548444819119 0.06473733856741193
0 0.1738962488869826 0.6313343629153949 0.044200391115413795 0.09496746242608989
0 0.07311644444449081 0.638981282819349 0.04187022221999036 0.1064742561862253
0 0.08538623999597299 0.18573741594172039 0.11781916444500289 0.04202164556730004
0 0.0807259022206482 0.4829477028747255 0.04369066667018665 0.0817856290678608
0 0.040129991108551616 0.46044391001456997 0.051482168885154854 0.13509558496958451
0 0.014184959998561276 0.463921981192522 0.02836991999712255 0.134186323995661
0 0.07308003555258942 0.1516540015127376 0.13442161777574155 0.05979163086790151
0 0.09179420444803933 0.23016237919314336 0.12320768000144097 0.07974645042675255
0 0.09729194666983354 0.2898811822524743 0.12794083555539448 0.07057014654200766
0 0.12157667555535834 0.4143803210694195 0.11330446222176155 0.05243602219847243
0 0.10388195555553668 0.3352893209201257 0.12568348444377384 0.05505782330830711
0 0.01396650666784909 0.3684158817200032 0.02793301333569818 0.056494195246122314
0 0.011126613332372573 0.30781293374723123 0.022253226664745145 0.06943712275826008
0 0.01848120889109042 0.09215566281766907 0.03696241778218084 0.08586794822669352
0 0.6627463928061641 0.9918740643869848 0.043084110060913616 0.016251871226030445
0 0.626350730502357 0.9935491039849571 0.031750989891588755 0.01290179203008568
0 0.5935216499389047 0.9947507628270187 0.035560988759001044 0.010498474345962738
0 0.9808224808890373 0.9923838590472214 0.034507681770871046 0.015232281905557143
0 0.9447148489093201 0.9934034483677756 0.03933362670035834 0.01319310326444878
0 0.884930219154598 0.9946051072097966 0.08156546941027043 0.010789785580406774