0 0.0670768355536792 0.1342908719714615 0.1341536711073584 0.19051732045239977
0 0.042184817780637075 0.866464373947161 0.06903125333289305 0.08804871575953199
0 0.08427349333133963 0.8536466948953115 0.04383630222744412 0.07552234759527332
0 0.033665137779381536 0.9489417689824351 0.048059733336170515 0.07311903277302367
0 0.12148337777600521 0.8405012910949883 0.06859434666112064 0.09147161868812692
0 0.1443117511096514 0.680353130668818 0.08075491555242074 0.11696132134813142
0 0.07371491555434961 0.7179322351617154 0.10893539555577768 0.08928678703158044
0 0.11809735111374822 0.9421687908470926 0.05075399110921554 0.04573580934410393
0 0.13340099833181335 0.971776258781458 0.13903296555702888 0.05644748243708386
0 0.005072497778261701 0.7527661820299762 0.010144995556523402 0.037157492189844654
0 0.06481948444205854 0.024832529570262107 0.12963896888411708 0.049665059140524215
0 0.059030471110923424 0.5375259613899337 0.11806094222184685 0.13106588607089187
0 0.06776860444289115 0.6376115353300167 0.1355372088857823 0.12120188403343457
0 0.047749278042465454 0.9923136763531885 0.033265524978439015 0.015372647293623087
0 0.39644330667021377 0.9323764612414116 0.16471381333346163 0.1352470775171768
0 0.2807600928056571 0.9778209596979652 0.11800707237174113 0.04435808060406965
0 0.5861738811505752 0.9847031794161591 0.062121273421992806 0.030593641167681707
0 0.2382830933305538 0.7946198263071496 0.08942023111093375 0.11026117093463628
0 0.26628152888475193 0.8783352926144721 0.0951728355553415 0.07727021292049419
0 0.2464750933357411 0.6584319863813046 0.135659519996908 0.11390255702885321
0 0.593488213331956 0.9288777316030346 0.11548899555992742 0.09096182463495417
0 0.9640471745748074 0.9902380862794531 0.062456233602845024 0.01952382744109371
0 0.3815520711139672 0.8371876297492046 0.11920270222342677 0.10640130167463524
0 0.52037916444242 0.8480389603101299 0.1600534755529629 0.13043444989688835
0 0.8763374229582648 0.9886722902588905 0.08145191133436225 0.02265541948221894
0 0.46398179555415275 0.7322792963731637 0.11658126222383641 0.13793570525110654
0 0.6790126933354057 0.07413689728673589 0.11352291555247374 0.14827379457347178
0 0.6456621511114968 0.713307674821996 0.1186201599943969 0.1578176733258081
0 0.5582403161511239 0.00855553372885387 0.05428934588821388 0.01711106745770774
0 0.6452252444448985 0.41875595365616575 0.11774634666120021 0.13312907560660736
0 0.4177425066681786 0.5734420349409295 0.08308508444784413 0.11623304412917479
0 0.7891994657408861 0.04431394517464282 0.11247651740494702 0.08862789034928564
0 0.979169702074594 0.012451816849738118 0.041660595850812054 0.024903633699476235
0 0.9602564266675877 0.343852641696957 0.0794871466648247 0.12737568557769097
0 0.6930301155584554 0.27197168019598167 0.08534243555946475 0.07290054960740144
0 0.2204791466653761 0.46900708175717803 0.06109411556066738 0.06685584869085404
0 0.8074268444441259 0.6301748302897338 0.09014840889722109 0.1058915076214626
0 0.9394454755561633 0.707299387766453 0.11621717333586679 0.12264188365520057
0 0.17675207110846208 0.2755766524293156 0.05519587555900218 0.0691863357911755
0 0.18927672888773184 0.5928870366843462 0.08461425777317749 0.07137116744780281
0 0.36036209777618444 0.48302641822007136 0.06997788444989256 0.07960070002081576
0 0.892556694506978 0.03182399087126725 0.10266133098759578 0.0636479817425345
0 0.8138348088858443 0.2401459657320409 0.12291640888692601 0.13436714687873652
0 0.3365142755572581 0.5927413812405711 0.07238087110842267 0.08899547614403014
0 0.6115106133330199 0.29971904223433943 0.09459029332631164 0.12373429948347381
0 0.15239452444430857 0.5108101941194336 0.10245461333543063 0.10589150762146249
0 0.7369392355593543 0.7209181717590253 0.07806065777937576 0.058990454727238406
0 0.5657810488922728 0.538302659131205 0.07594894222501247 0.09052485830362877
0 0.15639950222232277 0.09802266647249996 0.06225920000837909 0.07486689809832547
0 0.7467696355552309 0.408924211201626 0.14505301333136034 0.2218332408631679
0 0.9122844444432606 0.8256444358303675 0.13136327110437884 0.11681566590427539
0 0.8509354666703277 0.7391251022303937 0.10871694222506556 0.12031139655479828
0 0.9359352888901614 0.21370950268757866 0.12812942221967716 0.1585459505446839
0 0.32668387555620737 0.3991288826080099 0.04398193777435355 0.050469611266594216
0 0.28368497777523266 0.4727212955733231 0.0791529244432847 0.10035660075816843
0 0.7136375466672082 0.648199691456363 0.06786616889552943 0.08149422078989277
0 0.6588785777799785 0.5207147642958205 0.13587797333796825 0.08957809791913063
0 0.1671401244484716 0.19557539993813827 0.07252650666568014 0.08834002664708229
0 0.9851965155555971 0.6504098640129198 0.029606968888805985 0.09235451220542124
0 0.3125936355545289 0.046169328490041905 0.12313486221763825 0.08214967028684061
0 0.24035839999818967 0.26654601491549873 0.06531754666939377 0.06700150413462913
0 0.48018375111019446 0.1293385868832681 0.10034289777071936 0.11331993525383355
0 0.43631103999602294 0.04030842047094746 0.12255231999895638 0.08061684094189492
0 0.3739790222245372 0.14860151932194565 0.12531939555580418 0.15242842190628925
0 0.8624406755591432 0.39068086686929365 0.14498019555790564 0.17383977214067048
0 0.47923711999836893 0.4006946786285725 0.23665777778045993 0.2358161634651782
0 0.5689122133319162 0.0833114666516544 0.13784405333507388 0.14492716655207116
0 0.38757180045358836 0.006225046628532294 0.039459284653680204 0.012450093257064587
0 0.7833969777760407 0.8621311244949919 0.1545193244392673 0.11506780057905452
0 0.24855039999820291 0.5463137085385958 0.07136142221796843 0.07537669215149823
0 0.9755845688904325 0.5653945716726152 0.04883086221913502 0.08018332179591636
0 0.9826478933346354 0.8157923442862377 0.03470421333072915 0.10374737414401536
0 0.038750719998238814 0.372255453232303 0.07750143999647763 0.11193620853801
0 0.013664995552971959 0.4058477096725185 0.027329991105943918 0.07321465716946163
0 0.3059653557785269 0.012925197041987135 0.07337193933005132 0.02585039408397427