0 0.34121841777426504 0.7027045350956282 0.25886719999834895 0.15657985084094272
0 0.3730397866676665 0.3398034203327669 0.15299015110358594 0.16750402648099527
0 0.007479182222030229 0.9910942208138339 0.014958364444060459 0.01781155837233217
0 0.0555906844428844 0.549401936946758 0.08330353777855634 0.0534556327987038
0 0.08714183111054202 0.6632354235487956 0.17428366222108405 0.16547199989339412
0 0.048475591108823816 0.8818462518922099 0.09695118221764763 0.05348516019952465
0 0.07873137777981659 0.28516249020238876 0.15746275555963318 0.29243649194310917
0 0.04443420444408225 0.9471681772749795 0.0888684088881645 0.06616649383167617
0 0.962553884446 0.34986970021291963 0.07489223110799992 0.1103749252195867
0 0.8010626844440898 0.20601868266084294 0.12735829332636472 0.1661931254041501
0 0.2437518222205755 0.5868354454733549 0.09422620444869004 0.060155793857891826
0 0.3168972799968388 0.20095714794761016 0.2694985955539677 0.11645171232305296
0 0.23038976000001032 0.3450834385588072 0.07201678223080107 0.13946530900479837
0 0.1427171555554701 0.5527884313951734 0.07755093332380056 0.049304446055401296
0 0.34977450666742194 0.9138021382901647 0.24058993777467144 0.1723957234196707
0 0.24229546666869686 0.5177218275905568 0.06568163555736345 0.06772988896839083
0 0.13502409701339074 0.9926018585738131 0.07458697042117515 0.014796282852373777
0 0.38884124444383716 0.5353461642898784 0.1844474311090178 0.09161741970136617
0 0.9824331377788136 0.19534118059772554 0.03513372444237273 0.15361035720850613
0 0.9145127822231087 0.20605509657958354 0.09764863999767437 0.16145931596010854
0 0.13467079110754032 0.8639089536241077 0.06815743999969628 0.04056510554342396