0 0.22742015999845333 0.9210416019490738 0.10048853332797683 0.12832275223917344
0 0.5873220266619077 0.8071751870081532 0.06954097777812007 0.07144416569044587
0 0.4198411377819462 0.6600992516240196 0.09357084444620545 0.08986962330480763
0 0.3029686044435948 0.7554309671069916 0.10900821332923238 0.10603741615216822
0 0.9863186488911095 0.14818973456839574 0.02736270221778092 0.07675612584202651
0 0.13810915555804967 0.05971247694049708 0.13813532443924081 0.11942495388099417
0 0.587249208893627 0.5544623888982012 0.12794083555539448 0.16204206795236364
0 0.902113280000372 0.6320240978282108 0.11818325333297253 0.14237853611095508
0 0.7109666133351209 0.7939569239370281 0.2470707199950185 0.2451386969562488
0 0.9693156977753259 0.30553664136510095 0.06136860444934833 0.07989220159268129
0 0.4202416355566432 0.22455202133679486 0.19180202667290963 0.22409143509629037
0 0.027603057777095173 0.38381171111091145 0.055206115554190346 0.07045441143310993
0 0.6435009422246367 0.7126081644301265 0.07310904888436198 0.07282789570891479
0 0.7176658488913543 0.0518042527152352 0.059929031112955666 0.06751145932213187
0 0.09489180444636278 0.4407780436965784 0.06873998221837811 0.06838539407066391
0 0.9535142399991552 0.8983460039581759 0.09297152000168962 0.08351417942306594
0 0.7390831547892756 0.010808544971943945 0.0514999273543556 0.02161708994388789
0 0.645721884444356 0.9638644046258985 0.05555996443662381 0.06350592505814712
0 0.35863779555592273 0.4238819718921076 0.08912896000676684 0.09110769753185444
0 0.05560661333406137 0.9409236174776154 0.06327864888848529 0.06350592505814712
0 0.2906259911134839 0.04175400310739785 0.06699235555198457 0.06488965507661604
0 0.7307366400025785 0.45057339566944743 0.11111992889394362 0.11535938680293589
0 0.02669283555717104 0.7197377940236442 0.05338567111434208 0.09597215817245175
0 0.5453789866684625 0.6643232695751372 0.09488156445117463 0.0933653622988555
0 0.25581909333252245 0.20208461551057277 0.08213845334119266 0.09482192021299496
0 0.2885142755591207 0.5262779932588463 0.07908010666982995 0.07828998788711972
0 0.06100716050196853 0.01255641446896788 0.06880916476042734 0.02511282893793576
0 0.6185244444447259 0.7554673810548269 0.06742926221340895 0.0657635898251483
0 0.013585635554045438 0.4388379441334581 0.027171271108090877 0.05595214455812192
0 0.37975495110990276 0.06644265975274533 0.12597475554794074 0.12315197164381253
0 0.9663301688877659 0.03240201604963383 0.0673396622244683 0.06480403209926766
0 0.0290594133341478 0.7647893517055542 0.0581188266682956 0.06532662245088217
0 0.4375722666684952 0.32811328903486936 0.05825422222001686 0.059063423419896344
0 0.2277478399996956 0.5827924403289784 0.07944419555779958 0.0779986763042757
0 0.8860933688883152 0.29905495864702253 0.05279288887977596 0.05323719176317676
0 0.48464895999576485 0.3438077005601286 0.06954097777812018 0.06947781250628882
0 0.6755771733354777 0.35054428091321577 0.07449258666278591 0.0740659699359616
0 0.43819121777907843 0.4679428487959792 0.1575048533268273 0.15607018050422183
0 0.5428525165396019 0.9832795183835626 0.04511850864316036 0.03344096323287471
0 0.08855665777809918 0.11421775933775746 0.06713799110924204 0.06955064040204029
0 0.1913389511095981 0.6209542576804596 0.10187207110640076 0.10174057030542027
0 0.4935170008852664 0.9915454845465408 0.041547495095680176 0.016909030906918532
0 0.13821838222340577 0.14167387602004278 0.07471104000384608 0.0734833467703544
0 0.5453789866684625 0.920240495096293 0.05832704000381961 0.0586992839413818
0 0.9754323911128773 0.23949685702244 0.049135217774245454 0.07788325464343548
0 0.8025713777738728 0.4719483830600043 0.06080284444615247 0.05760686550575689
0 0.2582948977800293 0.35167311329671624 0.08592497777814664 0.08229552215102354
0 0.2545447822246287 0.554498802846077 0.08541525333291955 0.08389773585666593
0 0.5462892088883867 0.7803016934915561 0.060001848896758414 0.06095694870838286
0 0.46979413333141967 0.7529184047050221 0.11133838222465575 0.0948947481086656
0 0.022505813335172004 0.8304801136350317 0.04501162667034401 0.058480800254289034
0 0.14047573332985241 0.9429627985574836 0.048787911112109825 0.09584151075294922
0 0.6292650666657007 0.3872859542983525 0.09721173332590194 0.07341051887460293
0 0.9531865599979129 0.9679492463368584 0.09362688000417418 0.06410150732628306
0 0.4995766044439127 0.41856553550536507 0.11395982221389805 0.09955573343408985
0 0.7266588444459355 0.5503111988427946 0.11519772444541254 0.1375718949941087
0 0.7040489244430015 0.9331310326367388 0.09750300444041693 0.08797609801640194
0 0.3219358219402946 0.9672209673797483 0.10733703166867292 0.06555806524050334
0 0.08069233777932823 0.7285210596425592 0.08490552888769243 0.09518605969159055
0 0.23371889777481558 0.41379530833643496 0.13041663999772737 0.12759447328198248
0 0.8863846399976562 0.9524304249995923 0.08060928000551137 0.07865412736563437
0 0.59533198222311 0.3299704003754396 0.1583786666600241 0.1564343199827366
0 0.5575759644464899 0.2633692897496349 0.1051488711084757 0.11630614944713868
0 0.3879833600018173 0.546378492474521 0.10340124444208215 0.10115794713965132
0 0.8902803911103143 0.21395556251114506 0.12772238221433418 0.12686619432495305
0 0.8363224177776525 0.5853050027309478 0.14592682666455714 0.15104505570028315
0 0.5950407111137692 0.973047199036468 0.07798783999557302 0.05390560192706406
0 0.15787918222033315 0.4947435144169057 0.10980920888897444 0.09576868285727869
0 0.024913919996470215 0.1601357475822398 0.0407779555560814 0.060447153438365264
0 0.020721777776877084 0.24812561866681643 0.04144355555375417 0.0825592875975184
0 0.3225565866670675 0.14291195024704922 0.13347498666909008 0.14194156873668884
0 0.10992867555469274 0.8230516682727101 0.09560974221676588 0.08440753112668342
0 0.047086933332805836 0.5813722963626741 0.07230805333496795 0.07122568200335322
0 0.9700802844431665 0.797780388461715 0.05983943111366696 0.11018860620757487
0 0.08986737777789434 0.17499263830684259 0.08592497776779864 0.07952806211416663
0 0.07552227555877633 0.2317983969598187 0.06451655110965172 0.07253658412607067
0 0.03881699555656976 0.06757149213620545 0.07763399111313952 0.10997012252048222
0 0.3168241544005771 0.01656194873295258 0.0653578910148806 0.03312389746590516
0 0.31349077333385744 0.2353669638495372 0.03903032888968788 0.039618375265661254
0 0.2882230044394318 0.2931558990945919 0.11068302222217122 0.1100429504162338
0 0.17564671999878353 0.2671927542743623 0.06422527999513677 0.06656469667792897
0 0.12678599110804498 0.36092225605173245 0.05140935111170013 0.04806641116789656
0 0.1782317511116465 0.43895734630388383 0.05075399111956358 0.05003276435205373
0 0.08542549333328174 0.4941608912512176 0.06539036444284849 0.06445268770243084
0 0.11255011555428307 0.5954644941823315 0.06983224888228708 0.07100719831626068
0 0.4716873955550707 0.29049768090120043 0.05366670221297276 0.05403829861603837
0 0.3531400533289545 0.6218281924289515 0.06517191111213633 0.06503531086811887
0 0.372910080001586 0.5902208856912998 0.058836764449046675 0.056004651800195426
0 0.31727729777598546 0.5826467845375563 0.05490460444448719 0.05425678230321174
0 0.46069191111148233 0.61108607781192 0.10201770666365828 0.09962856132984133
0 0.3130174577753577 0.4875335527417172 0.06444373333619696 0.06401572032808389
0 0.2661228088920729 0.7043421982671888 0.09575537777402335 0.09285556702891884
0 0.05422307555563748 0.7883127620195658 0.06502627555487885 0.06736580353070976
0 0.008634026664205723 0.8022861313821716 0.017268053328411446 0.03512248176178134
0 0.03098908444452617 0.8967534987301571 0.06197816888905234 0.07129850989902387
0 0.006849991111084819 0.8698896847871855 0.013699982222169638 0.027484989837814888
0 0.026656426665269666 0.9637187488344765 0.05331285333053933 0.05301870807608411
0 0.1850038044465085 0.811544860750693 0.03313208888802263 0.06547227824230417
0 0.9274902755549799 0.16111892417431828 0.09320675555823577 0.08702933537211832
0 0.9575276088900864 0.25586801649160235 0.044928568891353104 0.04624571377516162
0 0.6121774527968632 0.025082812530899 0.07760724017603526 0.050165625061798
0 0.7956536888921013 0.0822463131215509 0.10755185777735388 0.07960089000991799
0 0.8239798044423676 0.04638497202574482 0.1250281244412892 0.09276994405148964
0 0.8554993265877582 0.02002127377912477 0.09140746238537967 0.04004254755824954