0 0.6775105422207465 0.20343288386007052 0.11323164443795886 0.10858652292942517
0 0.4368477866674463 0.3876512673276313 0.11774634667154815 0.12628372284355216
0 0.26474296888853943 0.8934780245421416 0.09597383111508356 0.20675864426347712
0 0.6670611911091126 0.4452582020273566 0.08636188443957105 0.1166704290630397
0 0.7947835733337949 0.16024588983111376 0.14534428443552716 0.08222279301642588
0 0.8485595022224718 0.36274409707826144 0.12866901333133374 0.039472766886513466
0 0.24479089777709712 0.3851022879161483 0.06597290666153036 0.07180839142081008
0 0.022889955553950535 0.38788724123430035 0.04577991110790107 0.047157553189936974
0 0.7206186666670773 0.44431143824595903 0.07784220443831547 0.1411406314134055
0 0.7398425600025803 0.8721030114772259 0.08978431999890346 0.11594214923116442
0 0.3641756444445087 0.4277066580796451 0.049880177776018775 0.06991486385809587
0 0.3292231111114638 0.8694083760993679 0.12342613334250119 0.14856908569829197
0 0.3775097153822167 0.969297480062774 0.0950440352058245 0.061405039874452005
0 0.5813546666668521 0.30084031137059264 0.0953912888964017 0.0741388868827304
0 0.37062001777812836 0.5362931810091511 0.08621624888231355 0.11273771797107435
0 0.3251817244467222 0.4665239731174708 0.05592405333494149 0.058553698481082495
0 0.1838060088869598 0.6073732925981667 0.08599779556194939 0.12322494754975644
0 0.529742099567213 0.9721741853985806 0.06527520357113742 0.055651629202838726
0 0.4085216711120059 0.8313193408933772 0.1060955022254752 0.150462613261087
0 0.6269021866687884 0.47344263152008476 0.06823025777315106 0.1341491450275637
0 0.696989297778863 0.34093211611418006 0.13165454221889383 0.08382500864647091
0 0.3220141511100034 0.5628389808802203 0.0709973333403468 0.12184121586923358
0 0.22389219555900328 0.4483533913127259 0.0503899022212459 0.044934865625457565
0 0.09496831999988191 0.5049043202562118 0.06123975110757682 0.06030157007758341
0 0.30433909958228467 0.9949329301440596 0.0351407068471114 0.010134139711880819
0 0.5361712355580595 0.7884236587971302 0.12342613333215313 0.09948302503134676
0 0.7692973511086569 0.42970942761724173 0.08723569777276785 0.1429613309929727
0 0.33781560889134804 0.31879240922581537 0.08221127111464743 0.13567853267454233
0 0.24471807999846837 0.4818906775695966 0.09990599110929504 0.0613211618421281
0 0.30453788444606794 0.42344622106331564 0.07740529777689109 0.05294594377584416
0 0.9213772799974929 0.933351345336207 0.08978431999890335 0.07501282268098086
0 0.5095563377771113 0.3319378601907819 0.06932252444740794 0.059136322346582726
0 0.005959822221969565 0.7504111507176134 0.01191964444393913 0.03812684862810389
0 0.8453555199990257 0.3202125548979522 0.13158172444543903 0.04340547797855976
0 0.22254506666730675 0.33525153342571384 0.05191907554657921 0.04770232898642235
0 0.06796416000256109 0.6402551270063496 0.13592832000512217 0.17398605183005533
0 0.8614482488897112 0.44143473291007146 0.10274588444994559 0.0796009856216745
0 0.655446755560115 0.13231635827948135 0.10755185777735377 0.08258693293232311
0 0.21591473099672132 0.9660930488026032 0.07230021754900615 0.06781390239479368
0 0.8179760355554107 0.25240970255225453 0.16740807111685474 0.08797620368803927
0 0.161014044445215 0.39821132488954125 0.10726058666283887 0.09860908923309641
0 0.485526471109026 0.5203802666830986 0.08374044443998074 0.12446302326390413
0 0.08211598222454389 0.2745129954490861 0.14286848000354235 0.11703456897901787
0 0.17055317333175077 0.3234898141412701 0.048423822224140156 0.05724279478378769
0 0.7525787476398464 0.9688240981720753 0.08627521972068486 0.06235180365584958
0 0.9584494933330765 0.7422857732658006 0.08310101333384712 0.1884087088674602
0 0.5565238044441988 0.49791283387041024 0.06480782221381864 0.13939275981698562
0 0.8913399466675602 0.7227692319554447 0.08665315555408604 0.17500564359460014
0 0.23117397333391837 0.5790796211305562 0.07296341332710451 0.12256949570110909
0 0.05321855999839802 0.33864443323842197 0.10643711999679605 0.10427687473246605
0 0.00989198222135504 0.24272455506727203 0.01978396444271008 0.05374510303359348
0 0.7881935644480917 0.7327466656518948 0.14148494222511854 0.13422197301079164
0 0.10871608944402801 0.00902462633075457 0.04925356565250291 0.01804925266150914
0 0.06261205333285033 0.025374508555891906 0.12522410666570066 0.05074901711178381
0 0.05933525333077543 0.05418062889297032 0.11867050666155086 0.10135915945115481
0 0.047429546667262915 0.1292391075900105 0.09485909333452583 0.10782236590583383
0 0.14437518222257495 0.12037256903708898 0.11636280889312427 0.16357165023452047
0 0.23699939555695487 0.14870265449619224 0.09320675555823577 0.1313816816665181
0 0.2862970311091178 0.10919347361810511 0.05082680889301827 0.07799876999154864
0 0.3305702399979863 0.13952632861484543 0.05548714666316906 0.10487229578698198
0 0.35514624000320005 0.12357700029721941 0.04055950222536919 0.08316955679782345
0 0.33308245333222053 0.06819131908469372 0.06808462222624156 0.04406092982720711
0 0.3878414222194503 0.11491047029814494 0.03779242666852145 0.06583649679967452
0 0.28829951999812486 0.0512588129940561 0.11803761777571503 0.055931891086411945
0 0.25687733734957874 0.011537191750663978 0.06393663197134933 0.023074383501327955
0 0.41023451469631655 0.0516654104858249 0.1233500639390614 0.1033308209716498
0 0.5663542044452494 0.03538231265965802 0.07922574221673939 0.05651451495191229
0 0.5600928791746911 0.0072039267511065375 0.07733047276528349 0.014407853502213075
0 0.6325002503426125 0.02184235137139734 0.05018925930683804 0.04368470274279468
0 0.6924558641026832 0.01033553002808979 0.040087240675671265 0.02067106005617958
0 0.9155882666663577 0.051811066452200016 0.10107107554665873 0.10362213290440003
0 0.010510933331938253 0.5251204656672339 0.021021866663876506 0.059025814322576586
0 0.4498821688919431 0.25641524162748824 0.17745692444344358 0.15060826922746207
0 0.5181124266650942 0.3939873018647853 0.06517191111213627 0.08098471730219725
0 0.7846619022234033 0.5282821028587645 0.07908010665948195 0.06539952890054934
0 0.9895426844453645 0.3981784049790648 0.02091463110927083 0.11557102115307283
0 0.9715123200012992 0.46488534349581184 0.04791409777891298 0.06736588444649161
0 0.9798579200015713 0.20659159915337016 0.040284159996857194 0.07211830730407442
0 0.6416841955545047 0.9374661263861613 0.07041479111131699 0.06649194864832197
0 0.45900968849762447 0.9620875097274099 0.08561148367201282 0.07582498054518028
0 0.6656412444439612 0.740102291953634 0.055851235561486745 0.08324238478097057
0 0.6218413511084185 0.773129782328192 0.07281777778019505 0.12366191544888161
0 0.8328455020984014 0.980731473422894 0.050055093090567326 0.038537053154211964
0 0.827369528884689 0.9058587816836593 0.04638492444323161 0.10276028427466466
0 0.06642375110855533 0.4177292243832354 0.06153102222209176 0.059281978312957784
0 0.03759914666621222 0.46605059122677206 0.07519829333242443 0.08280541688184528
0 0.15882951111222307 0.5323240559255313 0.06182229332625866 0.050469792347467846
0 0.08313543110982412 0.5548643167214073 0.1146151822163827 0.07574110251285626
0 0.27537436444415814 0.5688472894930103 0.07441976888933119 0.1181269887267905
0 0.5284161422246446 0.5118593926504397 0.06568163555736345 0.14805928981601957
0 0.5883815822191536 0.477484584586892 0.0683758933304085 0.12096728007106394
0 0.7617243022192269 0.09298924735934289 0.14199466667034555 0.12744897057455273
0 0.07301375999943249 0.919441200547751 0.1068964977748692 0.06933223999259552
0 0.09274275519160761 0.9619054397694613 0.10659598149359226 0.07618912046107751
0 0.46262527999675107 0.8061572727027904 0.06007466667021316 0.0953318299897784
0 0.3194655288890418 0.014814450994022288 0.037792426668521395 0.029628901988044576
0 0.26099285333313876 0.030029455895515422 0.08832796443667679 0.04726536108737789
0 0.9643761777784675 0.981417814238567 0.0601474844436678 0.026363729913080225
0 0.9795302400003291 0.8606964205652288 0.04093951999934187 0.051070439299950476
0 0.982515768887889 0.903564618683999 0.0349684622242219 0.038598994146890275
0 0.00594613888921837 0.9824065170361265 0.01189227777843674 0.03518696592774695