0 0.9858158933309218 0.6366438800182346 0.028368213338156534 0.07255707789406873
0 0.9493705955540968 0.48037985585281706 0.10125880889180638 0.15101673530985305
0 0.9401955555555307 0.12393088003067376 0.11960888888893861 0.12107162928923265
0 0.13277098666359155 0.3117331891134673 0.11490645333089763 0.060956827378986556
0 0.9329291377785719 0.6835188566996482 0.0765314844436944 0.08892268366754275
0 0.010971164444668426 0.5255644999409598 0.02194232888933685 0.0712802987431822
0 0.8337877333319436 0.9461721397847613 0.05694350222539568 0.04762934899144999
0 0.01883548444343938 0.11724903138419507 0.03767096888687876 0.07748402549444688
0 0.13331711999554602 0.16010581204889324 0.11381418666698867 0.08630088464049568
0 0.12082887110817764 0.24353000053472457 0.1485482666641474 0.09016075543031266
0 0.9922602666645415 0.7039958318643099 0.015479466670917152 0.05656240792689604
0 0.048380990579931275 0.9794584980831347 0.07515956338288056 0.041083003833730536
0 0.016359680001106526 0.9566269982225626 0.03271936000221305 0.08674600355487494
0 0.0385811911119769 0.29738612221542143 0.06997788443954456 0.06168510488652201
0 0.009114311112918787 0.021493814774382614 0.018228622225837574 0.04298762954876523
0 0.0335082666689737 0.8365834611049145 0.0670165333379474 0.10417785597670792
0 0.8264331377783998 0.49970161380297345 0.14985898665876862 0.2424435822515879
0 0.13204280889282624 0.9336457666555138 0.1080615822225809 0.11841792272188323
0 0.13670314666815103 0.4692960278642337 0.09014840888687306 0.07705176029507721
0 0.8688341333323883 0.28192098667030824 0.2623317333352234 0.18612620794156298
0 0.12501589333535068 0.3701774590914764 0.14512583111516303 0.07268209524994484
0 0.009842488888858093 0.4037566076404129 0.019684977777716186 0.06567952027280977
0 0.010643484443426133 0.6196064086643511 0.021286968886852265 0.11216692965894381
0 0.8172580977746595 0.7074063589460864 0.09116785777732728 0.08032900907886587
0 0.02720952888743745 0.22610300795267413 0.0544190577748749 0.07330703756076473
0 0.06290232888940309 0.4681671977275738 0.047986915562715796 0.07930942056839696
0 0.8951577599988215 0.9534000196976039 0.20968448000235695 0.09319996060479219
0 0.12039196444675326 0.06608518582876344 0.15888839111559921 0.10334257831626137
0 0.10128464509939983 0.010484197119105032 0.13156702981020013 0.020968394238210064
0 0.9488092157006678 0.015727795173239634 0.10238156859866443 0.03145559034647927
0 0.7921723733345667 0.13250409451410478 0.2406627555481261 0.13480416664090733
0 0.2465391716454178 0.024394297512629615 0.034316358932604374 0.04878859502525923
0 0.30229075925114257 0.04143599118847613 0.07704123704590732 0.08287198237695226
0 0.3632341360466348 0.04023433330110315 0.04588543458117378 0.0804686666022063
0 0.5887166657743769 0.006697154080041512 0.059934704016066265 0.013394308160083024
0 0.5031644000154403 0.011030405249736475 0.0864231288640036 0.02206081049947295
0 0.579835733336707 0.09084662108424413 0.07565767111049759 0.0832421191089272
0 0.4936558933359467 0.08010452784843852 0.11039175110765626 0.11448522418127205
0 0.42455182222442495 0.08691392254367353 0.047331555560231164 0.09285538220815381
0 0.42493821645362506 0.02049801284745595 0.06665647375500866 0.0409960256949119
0 0.5947269688877794 0.21727559638877575 0.11374136888318587 0.12009296098917444
0 0.5904671288871517 0.3312146124394569 0.11789198222880559 0.10254147305809347
0 0.49270926222412126 0.2441854502914661 0.09131349333458477 0.13851838192921728
0 0.43052288000471894 0.1883629793404637 0.04689464888845879 0.07639631053833573
0 0.32082289777592654 0.1930967831393235 0.17104895999655126 0.06051986087446515
0 0.3173640533350408 0.13792976194506262 0.16806343110899133 0.06685587518982217
0 0.4493098666684495 0.37287208586931747 0.111556835555368 0.1261376643015174
0 0.4112625777773145 0.2667620530244211 0.07172551110593806 0.08375191336416166
0 0.30615011555556626 0.25878741431712926 0.14301411556079985 0.08790309515707384
0 0.3635305244475603 0.36304033951783027 0.06407964444822739 0.11375694667373659
0 0.2943536355574098 0.3661355189247956 0.06830307555695375 0.08134859758933477
0 0.01537664000255366 0.46560630462511676 0.03075328000510732 0.03588023746816438
0 0.10477255110939343 0.553230010605259 0.16274773333635595 0.07960073157133041
0 0.09628928000003927 0.627186591493371 0.144324835565769 0.06525366467332494
0 0.11973660444426867 0.7098825024716667 0.18918058667331933 0.0960598032412292
0 0.1471889066665123 0.8027378846797801 0.14403356445125406 0.08236818609996543
0 0.5878820977794628 0.4090674779927828 0.11898424888236658 0.05345556905157245
0 0.42906652444766624 0.5133204031934838 0.041797404446535624 0.07887245406379484
0 0.3759823644482013 0.5009760994411 0.0566522311108808 0.05957310011470951
0 0.6108561066651923 0.505964800367577 0.1448345600006481 0.05993723886851754
0 0.49889877332995336 0.5216227667791464 0.05548714666316906 0.06372428190754065
0 0.6716225422194435 0.6878521078693837 0.052283164444897 0.05928178911169524
0 0.6715133155540873 0.636690612966447 0.05206471111418476 0.03663235862802705
0 0.6715133155540873 0.5797393118788252 0.05206471111418476 0.07348320050819346
0 0.5939987911118402 0.5968902471807819 0.09815836445324955 0.0610296551296996
0 0.594981831115567 0.6713930361995251 0.04638492444323172 0.07224512874550448
0 0.5355261155559371 0.6721213137070606 0.0441275733316111 0.07078857373043346
0 0.47523299555501175 0.5888791945981334 0.12772238222468224 0.05855351160415956
0 0.4611791644400607 0.6642923305012355 0.09917781333335568 0.08935965017206393
0 0.3242453333352589 0.648670777965063 0.16405845333097713 0.12060275524440889
0 0.2910404266686075 0.5472581350436698 0.09910499554955299 0.07202664549320337
0 0.29005738667005465 0.4738841761615864 0.09568256000056863 0.0697689852198835
0 0.7116359111128582 0.9778198736912405 0.07958983110470896 0.04436025261751919
0 0.6158575288589216 0.9733409670200384 0.06468899549088547 0.05331806595992339
0 0.5348667229680966 0.976800285180731 0.08052839704064857 0.04639942963853794
0 0.6647776711111267 0.9097582644090757 0.11184810666988287 0.09103468843935536
0 0.5690951111105581 0.9040412859750633 0.07077887999928656 0.0785811430608615
0 0.6921571555547417 0.8136984611678464 0.05519587554865413 0.0394726409072943
0 0.6268396088853478 0.8118777673990885 0.061749475552803856 0.09278255445735983
0 0.5645075911086881 0.7999704301512258 0.06262328888600066 0.09824463576367426
0 0.3153979733327611 0.7946175904709811 0.08009955554993614 0.06292317664921121
0 0.4761796266668372 0.826406903673998 0.057089137782653177 0.05513060731886388
0 0.46798762666682403 0.9056070826162039 0.09837681777361373 0.07836265980856039
0 0.4448331382694758 0.9720300675065148 0.057741367910057295 0.055939864986970456
0 0.3869052460572372 0.9727947588893664 0.05606925900404652 0.05441048222126721
0 0.3911284622270614 0.8986520324194619 0.0583998577772743 0.09227276020204456
0 0.3152523377755036 0.8802266114793382 0.08942023111093378 0.06372428190745982
0 0.3000334222231888 0.9293853432365724 0.11388700444044339 0.0433325116971115
0 0.2988858299071176 0.9733773808953949 0.11225002907837431 0.05324523820921023