0 0.03819804444598655 0.34992646694468604 0.0763960888919731 0.1453670324801969
0 0.06219662222493854 0.4688896348839407 0.113450097779019 0.07523124634509626
0 0.520620942224438 0.7915173418627051 0.1005613511117796 0.0964970003943052
0 0.4508615111104316 0.6074083479027867 0.05949212445153129 0.07610518144311307
0 0.3369016888913595 0.2038324024800699 0.10027007999726467 0.09627851661978071
0 0.9139425567403021 0.9368518275143667 0.15028866903028548 0.12629634497126652
0 0.25570986666716633 0.38098632961905604 0.08293944888023869 0.15024400891583
0 0.15733304888837868 0.5362190513854623 0.07740529777689112 0.1669216037009963
0 0.3480792177789327 0.457637720498359 0.10194488889020353 0.08433473694839366
0 0.43287552000126905 0.4266130245225221 0.04361784888638387 0.08710219809177666
0 0.8480096711104529 0.6633037802066768 0.12517376000889469 0.09890032191358866
0 0.7978018133331918 0.5524232646592264 0.07908010665948195 0.09343822755161024
0 0.9561356799987455 0.7584990257803025 0.0877286400025089 0.09043398698141547
0 0.95479694222514 0.6562758854609976 0.07136142221796837 0.10829512421611709
0 0.9485626311093155 0.8978524737700866 0.10287473778136902 0.2042950524598267
0 0.9534862222253448 0.5766749636262618 0.08053646222170863 0.047847946610659164
0 0.8263827911112458 0.4517022446250188 0.1264844799931678 0.08732068186630115
0 0.8405094399996516 0.8402392235712193 0.028326115560614373 0.04508048546727628
0 0.8344655644407288 0.757324631156911 0.06225919999803098 0.052581761724276754
0 0.03521251555325256 0.15449148341049734 0.07042503110650512 0.1463113009752799
0 0.17768561777969202 0.14374936449871162 0.08854641777773697 0.1357512518755034
0 0.017991111111930674 0.9657937774797304 0.03598222222386135 0.06124670779589425
0 0.05192419555452135 0.8680966679839879 0.1038483911090427 0.1190023554992462
0 0.3413799822226995 0.602201151277767 0.13675178666081694 0.07603235351824467
0 0.1913025422176967 0.34351636229616384 0.06291456000051565 0.0840434252490817
0 0.014350222221886118 0.70936031517952 0.028700444443772236 0.18696353798710863
0 0.14797596444582772 0.4072407965188007 0.1341303466612266 0.055057911168347906
0 0.3476787200042357 0.09681176694838212 0.11832888889023002 0.11004299441190812
0 0.08254919111107786 0.5594147454425119 0.05774449778513776 0.09970142908665625
0 0.7932871111151245 0.2818311099685896 0.14505301333136034 0.08797613318971265
0 0.2340101688893305 0.7231683344135915 0.08017237333373889 0.1434710119070286
0 0.4372809955591543 0.20860263155616215 0.08563370666363168 0.1413590020870571
0 0.23102464000177053 0.5568657680736129 0.08585215999434392 0.14368949568155287
0 0.06904149333325525 0.7186894170367708 0.07631303110263413 0.15971163914314612
0 0.8681437866658801 0.17346315782768496 0.11796479999191234 0.10181343890662764
0 0.2517777066677809 0.16272103891585876 0.05890958222250142 0.17675337355249288
0 0.15187171555331183 0.720765012894308 0.08206563555738992 0.16444545425684454
0 0.3028593777782387 0.7973071618863488 0.09713891556279525 0.0530187292732448
0 0.31403690666581197 0.7190171426984766 0.07871601778186027 0.0984633543646205
0 0.5014334577808364 0.26202191441598116 0.048351004440337464 0.055057911168347906
0 0.5517505422234535 0.050201895059839186 0.06961379556192293 0.05746123268763137
0 0.9513380977739063 0.1076631277474705 0.08818232888976729 0.08775764941526909
0 0.5518668837276184 0.01463193333616808 0.04287544144317512 0.02926386667233616
0 0.5026385042919881 0.02632081527075819 0.05948501808775797 0.05264163054151638
0 0.006995626668342286 0.1723540651143003 0.013991253336684571 0.07730990848321917
0 0.9542424177802685 0.03709934814497817 0.09151516443946295 0.07419869628995635
0 0.46964849777933626 0.037821147839403324 0.05818140444656211 0.07333772029973018
0 0.038421617779466836 0.03884073878695482 0.07012351999680201 0.07756173993959226
0 0.31017671537895997 0.023079972615973 0.10594816853602729 0.046159945231946
0 0.10268330666650499 0.15205174792886056 0.06204074665697083 0.14186879756089343
0 0.5945629010494384 0.018601055239192754 0.050304175706373355 0.03720211047838551
0 0.7577156266663223 0.7050341811319056 0.05352106666606338 0.04194888469971281
0 0.7971828622226086 0.8729389618180596 0.06706517332543926 0.04449786206865236
0 0.8034815999989708 0.13886989353535717 0.07281777778019505 0.08549998374556078
0 0.9657112177771827 0.28681982281916585 0.06857756444563468 0.0924186366040991
0 0.981593884444899 0.49051952855720865 0.029127111120356375 0.051343687002241345
0 0.8528156444430351 0.37894714772391264 0.06808462221589351 0.05702426513866332
0 0.7931414755526931 0.37858300809981305 0.05009863110673096 0.055713362491840224
0 0.7465380977787491 0.37905638961121524 0.04194304000379301 0.0648168530950568
0 0.9383037155545835 0.4029439489540702 0.0835219911092685 0.07981940560921974
0 0.6521496151832658 0.9665656208433402 0.04744390591772063 0.06686875831331973
0 0.5782562133286976 0.43804700872015356 0.07616739555572472 0.07078874293079074
0 0.5762537244448644 0.5200512520741323 0.07332750222542217 0.07224530142735075
0 0.244022613334366 0.8912915988741488 0.10471196444705128 0.13975678774092193
0 0.14426225777715446 0.919336711593739 0.18786986666835018 0.16132657681252194
0 0.32102741333656015 0.8694432214263967 0.10478478222050597 0.08251403882781505
0 0.5546268444456575 0.6949475135435315 0.13638769778319537 0.08353362977532619
0 0.4541019022257792 0.7005552637551253 0.06204074666731885 0.07712477239070514
0 0.3867090488887496 0.7111881407797298 0.05293852444738151 0.08935986376140415
0 0.44820366222411395 0.33998420794206674 0.0610212977768646 0.060520005530326326
0 0.4536285866672794 0.5203061498110101 0.05818140444656217 0.09533175359705726
0 0.12423736889225741 0.3372531607610775 0.06815743999969628 0.05345569682221285
0 0.3539410488886966 0.3652190838943003 0.1106102044383685 0.11521377707457459
0 0.3383944533351395 0.5300286777752847 0.09524565332879625 0.07180833387830177
0 0.023962168887050616 0.5551194129209334 0.04792433777410123 0.0753738721085293
0 0.4329483377798978 0.06837246230387845 0.08658033778063123 0.0986090102142766
0 0.4963726222204665 0.4345148543660968 0.09094940444661503 0.07552255804440833
0 0.4421597866651913 0.7922456211109041 0.048351004450685464 0.09183601320547519
0 0.1860232533317887 0.05100300223290671 0.0755120355532401 0.03954556318051028
0 0.11182193777834376 0.050529620721504576 0.060802844435804415 0.042531508098336834
0 0.48286492444264395 0.13846933994882338 0.057234773339910616 0.05950041458273425
0 0.5548088888896422 0.14189225241561793 0.07922574222708745 0.06620058366674819
0 0.5730497422214184 0.21224402779744067 0.14599964444835978 0.09911880568803211
0 0.5478911999975228 0.2714531306809439 0.06364273777645502 0.058189511935911264
0 0.5111182222194556 0.36485494427011983 0.07310904888436198 0.07282792482589373
0 0.5800402488921665 0.36937027560933433 0.07376440888684654 0.07282792482597467
0 0.5188369066661431 0.5293003985270452 0.07369159110304385 0.08448039279804975
0 0.5846277688888626 0.5884730874480738 0.05366670221297276 0.028038751057929412
0 0.5162882844451815 0.610139395083776 0.07762375110760328 0.07690628861609983
0 0.5919095466689517 0.7651536330756981 0.07755093333414864 0.050615407754042274
0 0.6421538133329401 0.9168542004880476 0.0423071288917628 0.04580876471555617
0 0.8894793955557463 0.08443101972802708 0.06917688889015061 0.06299615497439726
0 0.8096347022232495 0.22582643577751826 0.15109688889028294 0.08433473694839377
0 0.9757600711089456 0.5392778242281572 0.04847985778210895 0.045007657542407875
0 0.7520358400005434 0.6316236329074283 0.06240483555528853 0.027965923133141946
0 0.9923989333315856 0.8026967992713263 0.01520213333682885 0.03312515569583052
0 0.8383249066666596 0.8067747921137052 0.027015395545297194 0.025198461989758836