0 0.9935677155541878 0.05687845304402789 0.012864568891624573 0.1027805258673481
0 0.9594525866676122 0.5219608189348299 0.08109482666477563 0.11940624008889877
0 0.9729602844454348 0.28586047851848334 0.05407943110913038 0.14954177045480754
0 0.7190203733328316 0.5449586941958728 0.05825422222001686 0.10691130821832362
0 0.6791418614590334 0.02180583014461107 0.11383574375261862 0.04361166028922214
0 0.8204919466645353 0.4106641081232459 0.1454171022193299 0.09788065275572355
0 0.8151398399999986 0.6897404930637357 0.07238087110842262 0.19255687937955135
0 0.7199305955527557 0.33517802435737254 0.09371648000346289 0.07027889130159348
0 0.7270667377807614 0.096302621798728 0.11031893333420162 0.1349500368722686
0 0.8099333688875453 0.5330877519345563 0.1320186311068634 0.11200925888267
0 0.9680450844423225 0.7440549969199449 0.06390983111535509 0.10839803485612465
0 0.7909643377746558 0.2701427394534779 0.07762375110760333 0.08134872702991602
0 0.8839890488889068 0.6789619688019566 0.06852152888766594 0.1940134367122679
0 0.817069511110377 0.3352872661573465 0.09895935999229555 0.06496245703721848
0 0.647731768888318 0.09415419973303168 0.0648078222241667 0.09278270209137729
0 0.8717192533374247 0.07711859485292588 0.17869482666461012 0.15423718970585176
0 0.8959675733362221 0.3294246228933038 0.09291548444372077 0.1872404451153381