0 0.2297605688890649 0.4542512044027527 0.1481841777761777 0.07537687205875998
0 0.4047780977769031 0.28955091825703805 0.23534705777549086 0.23581672630548112
0 0.25222485333474143 0.29100747617117756 0.21364736000282897 0.17784572132112875
0 0.6790826666686269 0.2678482053357614 0.11374136888318598 0.17973924660961516
0 0.8281406577780015 0.8093964378273191 0.14097521776954336 0.21003565122450885
0 0.7217902933350868 0.8093600238794029 0.06211356444077365 0.2096715117459942
0 0.8823899022251782 0.313802607528079 0.09320675555823577 0.05549485653025865
0 0.5633023999993586 0.25586801649164276 0.12349895111595588 0.18578396195350833
0 0.1641881600022316 0.8955518384509455 0.09204167111052408 0.0996285613297605
0 0.09632199110670221 0.9199127695655733 0.09480874666737185 0.100575323974044
0 0.019288746665956244 0.8435901330626665 0.03857749333191249 0.07829198428715078
0 0.07345720888632866 0.7571424226561804 0.14112085333714883 0.07727039734716556
0 0.07090858666536709 0.8721012560326853 0.06291456000051565 0.04224017951117698
0 0.030611911110786927 0.9354378150076026 0.061223822221573854 0.11123360405950311
0 0.21472369778073497 0.054432454501589844 0.12684856889148555 0.10886490900317969
0 0.03737149579553968 0.06364518330877073 0.07474299159107936 0.12729036661754145
0 0.06152305777909027 0.6951621631355512 0.12304611555818054 0.07813689155111359
0 0.06647466666892998 0.7276107109461917 0.13294933333785997 0.07399314204029106
0 0.08776590222389333 0.7922090544400041 0.14658218666704165 0.08491732639662009
0 0.10061823999923136 0.8281860349201954 0.14563555556039015 0.08229552215102354
0 0.1385927111117376 0.8479588086051907 0.0886192355511917 0.05148932226619318
0 0.16745010055601597 0.9696971158338421 0.1294402900048428 0.0606057683323159
0 0.007273813331913617 0.791333068388613 0.014547626663827234 0.03437066416883083
0 0.47232165601518417 0.024827914895890202 0.05336529242081772 0.049655829791780404
0 0.43033430718609855 0.027595374932827987 0.04107488785973856 0.055190749865655975
0 0.3991551198168761 0.030581318656898837 0.042703235915137694 0.061162637313797674
0 0.3680226496420801 0.033494434485258684 0.04321870071192585 0.06698886897051737
0 0.2945765234064311 0.050754645768284534 0.050300819851044176 0.10150929153656907
0 0.33180495092852247 0.048606222844870206 0.045603395915693734 0.09721244568974041
0 0.6875295288912537 0.02176914327614876 0.1319458133334087 0.04353828655229752
0 0.5553609433221733 0.02144141774542896 0.015882913364718365 0.04288283549085792
0 0.5241639284003112 0.021987626963241413 0.04842165431214701 0.04397525392648283
0 0.5907911111083295 0.03246844640450597 0.048860728885564586 0.03670525943730141
0 0.9682467555575487 0.05599350705600026 0.06350648888490262 0.03451712189100564
0 0.9665719466646099 0.024791030563430183 0.06685610667078035 0.032542215069385594
0 0.965960294727443 0.005455694637325703 0.06807941054511402 0.010911389274651406
0 0.9192356977767 0.2217481473519814 0.04995299555982158 0.049959936456302256
0 0.9927135288870583 0.3564784443493955 0.014572942225883456 0.029114121242819757
0 0.9723973688876464 0.32228705737814967 0.05520526222470734 0.06794842669639789
0 0.9367119644458095 0.2796463244405823 0.0701963377702568 0.07049740304624297
0 0.9643145955529892 0.24614549241448475 0.0713708088940217 0.08433470323093195
0 0.985905066665469 0.2887640909645663 0.02818986666906209 0.05629205105565804
0 0.4552044088900503 0.5385130797379737 0.2911982933369776 0.3155632721067403
0 0.2590333155511568 0.5449583485082168 0.14731036444298093 0.07253658412607067
0 0.24960341333515115 0.5157179483810722 0.148111360002723 0.07508556047591575
0 0.23970019555547173 0.4850574042876235 0.14825699554963245 0.07552252785018199
0 0.4287351466663596 0.7635148635306719 0.03728270221294627 0.0385987847257071
0 0.42083441777568725 0.729030854912496 0.04871509333865509 0.033573659921768084
0 0.46303231999691985 0.7487672146496155 0.03597198221832515 0.07683342997298026
0 0.36906097777601743 0.8702805586399504 0.1318729955496059 0.10035684028687064
0 0.3569004088898914 0.8226147008984845 0.1312904533309241 0.07566818364160399
0 0.3447398400037653 0.7903155291515581 0.13245553777863583 0.0789454389484785
0 0.33254286222056384 0.757797873717539 0.13136327110437884 0.0761051510157893
0 0.32129251555953586 0.7278656085811601 0.13056227555498484 0.07377465835319841
0 0.310151395553516 0.6982974829233362 0.13114481777366666 0.07537687205867893
0 0.2995564088897987 0.6700766733361458 0.12947000889107588 0.0710800262119311
0 0.28750506666902864 0.6379959852763525 0.13405752888777187 0.08309662900388504
0 0.2744342755578044 0.603257079023208 0.1315089066719843 0.07639646259863331
0 0.4748652088869777 0.8570987095166201 0.05366670222332082 0.13036193331900114
0 0.44777699555787775 0.8627428714340825 0.0522103466714422 0.12999779384048638
0 0.5638849422232144 0.8208668314014606 0.11912988444997208 0.21928479397960587
0 0.9760018488909635 0.6159291328765613 0.04799630221807294 0.05440243809455303
0 0.9324885333319091 0.6319876838803755 0.0636427377764549 0.06102977660405351
0 0.9279010133300392 0.5609076576684443 0.10179925333294604 0.10749397406630767
0 0.8611271111087666 0.6045315671980902 0.1007798044424918 0.15133636728312716
0 0.9606737066681186 0.4719119691121285 0.07865258666376274 0.057388381818664236
0 0.8637121422216296 0.4399769368437977 0.18939903999368357 0.18826011040752122
0 0.9372945066644913 0.6955300228863983 0.05854549333453185 0.06008301395993143
0 0.9825190399980379 0.6667846524116877 0.03496192000392406 0.046202417114496575
0 0.9835748977752196 0.7068554111232604 0.03285020444956088 0.037140925903363264
0 0.9851768888895296 0.8321689681326623 0.02964622222094071 0.1254548385138493
0 0.9845943466656738 0.7477443008990563 0.030811306668652394 0.04246530961956052
0 0.9503288888889883 0.8110350654807158 0.04878791111210978 0.17223797335158264
0 0.6714368000005682 0.8897620207420612 0.028253297776811626 0.04639136956658363
0 0.38555420444657407 0.9145235052831198 0.1195667911113964 0.06401572032816472