0 0.9698319644460247 0.612400784942701 0.06033607110795047 0.14259706897458213
0 0.6302489546231098 0.9471584909015163 0.10575588631133248 0.10568301819696757
0 0.4582987551525649 0.9915106087140075 0.05323630303351412 0.01697878257198504
0 0.38721709656011727 0.9645643302400623 0.08529914021492002 0.07087133951987545
0 0.3005938289169636 0.9785472639346444 0.10023982661465802 0.042905472130711275
0 0.7797196799992687 0.5879669266661586 0.3018296888925962 0.16626582096213682
0 0.6278217955544176 0.7932684375257479 0.24940088889044187 0.18520104367361234
0 0.5467392000007547 0.43251603098343466 0.12073187555910814 0.1478403927084121
0 0.5207432533303896 0.5855271960476031 0.18830677332977447 0.14740342603036294
0 0.8794286933313642 0.832667487497705 0.24114261333727172 0.20063897531397923
0 0.9643484683500396 0.0283259300808838 0.05373814559231205 0.0566518601617676
0 0.7815765333310183 0.20776950295482083 0.2202009599966307 0.06889507955765117
0 0.8003271111131955 0.4213369668057148 0.2846446933328278 0.16116787638600127
0 0.9538484622206953 0.2502533232657268 0.0923030755586094 0.10200934106201065
0 0.10557269333447847 0.8088899962626506 0.08352199110926854 0.18716739372442948
0 0.059012608726819356 0.9772727777906307 0.1047257330061661 0.04545444441873847
0 0.028301368886604904 0.20259474421240203 0.05660273777320981 0.08594475277117464
0 0.04123818666881157 0.8795693564219855 0.06218638222457634 0.0708614296084682
0 0.014975715557941131 0.811382094826248 0.029951431115882263 0.08320123248126132
0 0.07021966222156253 0.020788254886152546 0.05068117333576083 0.04157650977230509
0 0.08183409778090814 0.3570300373665694 0.08628906666611631 0.08630091889627811
0 0.022949262222068178 0.3762501146811348 0.045898524444136356 0.07652908339094489
0 0.08063260444646908 0.21734635598007096 0.08869205333499444 0.10509048604835003
0 0.03055871999822557 0.09567015418702352 0.06111743999645114 0.10308934425322058
0 0.009441564444245563 0.6494445868188091 0.018883128888491127 0.06057452444527578
0 0.025352248890946307 0.7442553418150086 0.050704497781892614 0.12023866421751439
0 0.20012657777406273 0.4131438415940311 0.15393678222058546 0.18192379358889033
0 0.5827111822242538 0.19429636371786846 0.13806250666578612 0.08244104657434581
0 0.33582250666287206 0.15445956824426188 0.12721265777945517 0.10589159162458484
0 0.47195534221827984 0.8221810660504697 0.09276984888646339 0.08236821879464395
0 0.7737122133322474 0.13789124837176114 0.2094239288837545 0.09547721913328955
0 0.3965525333303958 0.7405411250523992 0.1395916800014675 0.11892776418369022
0 0.9829755733358777 0.44358512799661487 0.03404885332824459 0.14259534158289955
0 0.6211953777768132 0.07540501342406947 0.08614343111920686 0.06503520723571898
0 0.6603713422237585 0.03167193173867977 0.048715093328307146 0.03655954538896533
0 0.41555797333001265 0.030324617814964316 0.05730759111336531 0.04843047347348861
0 0.13750328888806204 0.5543204924636083 0.07150705778557392 0.07668765198121752
0 0.20471611791807745 0.011211401860983294 0.040919550839397634 0.02242280372196659
0 0.33462101333360705 0.624089505377196 0.05781731554824443 0.06532651835436454
0 0.06657877333669199 0.30222713317293176 0.03801087999923361 0.03801610098219321
0 0.47548420236239003 0.02384702163184993 0.0516222002709078 0.04769404326369986
0 0.27359971555156837 0.2727318824109188 0.10980920888897444 0.10691118053984427
0 0.22433848888613284 0.5882582377848041 0.04929763555733696 0.04813916235484306
0 0.4570641066672073 0.3920601993826861 0.0781334755528304 0.06153947381205316
0 0.18694655999748244 0.20944454188699235 0.11650844444003369 0.108513391692314
0 0.6987745114033007 0.007788496216978913 0.07833551169476571 0.015576992433957826
0 0.9838349427717428 0.9679144081044052 0.03233011445651457 0.06417118379118958
0 0.1695431111121757 0.06353408533958671 0.048059733325822473 0.0482848179140849
0 0.31372231111551324 0.680676690172477 0.04951608888804915 0.053528418049543
0 0.6022627555558251 0.1249643174822489 0.08395889778104093 0.07020597959155617
0 0.4179609600040648 0.8626368976511778 0.09590101333128082 0.07282777965928522
0 0.16677603555532794 0.4743920042875196 0.10631395554583935 0.09307390240458502
0 0.6858575644437224 0.25088354851314937 0.10638677333999014 0.05549476810044107
0 0.32660834067501127 0.021844257691222446 0.07397742802277207 0.04368851538244489
0 0.3985186133326756 0.9030927292519264 0.08570652444743448 0.056004562558030324
0 0.31099164444539285 0.06695699098359115 0.09211448888397883 0.09474894133675649
0 0.14655245169479814 0.024502471648802426 0.08370092772982185 0.04900494329760485
0 0.8221724444431149 0.2677795933941061 0.09735736889350755 0.05258165691398553
0 0.44002474666469626 0.43797811445787693 0.08060927999516332 0.062049268269723346
0 0.2661358933326685 0.16028579061697068 0.07070606221548387 0.07778006867609788
0 0.5197238044451095 0.9502172576471732 0.11243064888856474 0.09956548470565363
0 0.49489294221728214 0.34537759262107076 0.08767260444454028 0.05469366252412533
0 0.23821027555192512 0.5335645752606788 0.07077887999928661 0.08076600764217423
0 0.2213429623386926 0.9742868388245947 0.05485178199079302 0.05142632235081057
0 0.9578534399987095 0.16027413469534174 0.08429312000258105 0.08154380137507033
0 0.1904782222221709 0.639128441876848 0.08803669333250985 0.12919648111558213
0 0.32763050666803284 0.8198869909911966 0.11126556445120112 0.10560028050602022
0 0.8934128029944582 0.02217198269967846 0.07031829931462807 0.04434396539935692
0 0.8208400587706517 0.017511004801511354 0.05624481086722677 0.03502200960302271
0 0.40270563555467465 0.5194359860067739 0.12597475554794074 0.15126329835229513
0 0.22910805333198772 0.08159537469512568 0.11578026666409441 0.1148494085227334
0 0.2888914488876859 0.9071710849128428 0.13398471110396915 0.0992642636756007
0 0.733591556843991 0.029017793987646756 0.09932732703164227 0.05803558797529351
0 0.17238300444247823 0.28412942992758233 0.1427228444462849 0.13640643130185726
0 0.024733297780363095 0.2827821160039073 0.04946659556072619 0.06700155728661683
0 0.2817188977781269 0.35054836497690806 0.09866808888812859 0.08600960777763256
0 0.005618631110216181 0.25324617591025667 0.011237262220432361 0.02610752274831407
0 0.04686990222479734 0.506654710676544 0.09373980444959468 0.1233702587428328
0 0.10600960000107687 0.6737216372149964 0.10551296000679335 0.07981924650653593
0 0.06199125333482193 0.5888044461322848 0.10150798222877913 0.06816680176111822