0 0.6734225764767163 0.9730111702593047 0.11618943740096355 0.05397765948139044
0 0.8478980053681879 0.9933301369497978 0.029788046050816752 0.013339726100404459
0 0.7224792177788913 0.532433050785859 0.16405845334132518 0.1099700347765512
0 0.9421583644424876 0.37235746374011724 0.11568327111502485 0.1966351615211086
0 0.6603292444410424 0.642840052588106 0.20563740444680056 0.10093938291416382
0 0.956539875553507 0.5011422283234127 0.08692024889298611 0.05923156439533872
0 0.7758910577795985 0.3214143913386797 0.1124306488885648 0.10144917777734086
0 0.7751264711117578 0.8566989977017021 0.05614250666565368 0.06343304654996418
0 0.7126488177778406 0.8606681148508972 0.06444373332584896 0.05869923710592251
0 0.37106062221961716 0.44005093878972706 0.08701724444205561 0.12169531663027178
0 0.6100849777822279 0.7959969950617308 0.07092451555654411 0.06874947869482595
0 0.9876694755576965 0.2545494991893044 0.024661048884607073 0.03315454057247813
0 0.6318939022202459 0.8669677228033321 0.0664826311171055 0.06051993304594472
0 0.6329497600026015 0.9362634102801566 0.062186382224576287 0.05636874630272326
0 0.989708373333431 0.9454780218613951 0.02058325333313804 0.04624189662668954
0 0.8455412622179008 0.7457457871174564 0.06954097777812018 0.06700161059236576
0 0.9586636800008516 0.6310419428968232 0.06830307555695381 0.07078865814761537
0 0.826426595552928 0.6413470819172747 0.10908103111303513 0.0772703356940363
0 0.7620192711086322 0.9447478533605859 0.060074666670213106 0.07799861406998043
0 0.8542429866631411 0.849197730428846 0.09466311111011438 0.09285549294056838
0 0.9638944711122248 0.5520569209819169 0.07221105777555037 0.06897442628213679
0 0.994987662224513 0.7305479036960534 0.010024675550974083 0.03942641870535546
0 0.672344177780259 0.4404514918965206 0.2490368000024723 0.13779026873998113
0 0.8973875200013733 0.2615499088311171 0.0654631822163032 0.06285042384922501
0 0.6953181866659885 0.7935572625021479 0.0918232177694639 0.07537681191645185
0 0.6413602133333269 0.7220039120597266 0.1556115911135243 0.07137128084843536
0 0.9924026311116501 0.3175819814325016 0.015194737776699996 0.07848681186329753
0 0.7715948088922435 0.7674484827223567 0.05548714666316912 0.09249135375251549
0 0.4832728177774698 0.17149828763818453 0.12298922666038076 0.18352615075306167
0 0.7240812088880274 0.08516652111829243 0.16027192889402309 0.17033304223658485
0 0.9924856276354856 0.011391921629095636 0.01502874472902882 0.022783843258191272
0 0.9397674666665908 0.03225709710158725 0.08410453333829837 0.0645141942031745
0 0.8374836526035021 0.048133565698489034 0.09949157479115656 0.09626713139697807
0 0.4207587555516511 0.055993337203964155 0.05213752888763945 0.06874947869482595
0 0.5389492918633753 0.034332690473198035 0.05634639405955877 0.06866538094639607
0 0.8614155377778743 0.12091935442475954 0.09837681777361362 0.07712468001883122
0 0.9445734399991731 0.09255291167937146 0.07085169777274136 0.07224521489958458
0 0.6322215822214882 0.06797351648923289 0.08869205332464647 0.12082138257904163
0 0.5791010133301218 0.16541716319859756 0.08891050666570666 0.11164507504144927
0 0.8424100977782574 0.5313042193030404 0.08570652444743443 0.1017404891277508
0 0.8172515555543618 0.4231184665476495 0.0817015466694202 0.1223507671686539
0 0.6928423822236558 0.9222804654608392 0.06590008888807564 0.05680571332833817
0 0.9925482666689075 0.6236509366212716 0.014903466662185005 0.05585691295770445
0 0.9892714666668325 0.693057264725534 0.021457066666334845 0.03575363203778892