0 0.3677997511138933 0.22528291601640776 0.16675271111437012 0.38693414713918306
0 0.17956579555239943 0.15289207425912477 0.14053831110811896 0.21943018733862862
0 0.990317084443652 0.9707313879653883 0.019365831112696075 0.04330860537533254
0 0.05621390222157869 0.3572870810512317 0.11242780444315738 0.20479932167063442
0 0.2189966222219583 0.41124872529922685 0.20046734223142265 0.08462591360356897
0 0.16806058666358392 0.3449754194651071 0.10077980444249181 0.04238578461039544
0 0.134600817779493 0.2892985597836266 0.07201678222045302 0.05993728648512353
0 0.035388017776939604 0.19907855096542704 0.07077603555387921 0.11336560590763911
0 0.29574655999636484 0.5117511011795515 0.08832796444702484 0.10778515674122358
0 0.8773038933312314 0.47043362110457304 0.24539221333753736 0.2242122200857194
0 0.057246493408456445 0.01273991154888976 0.09579906650922365 0.02547982309777952
0 0.173048604445325 0.5115690316580441 0.11483363554709489 0.06605482240828675
0 0.8805097244472968 0.21140921847639427 0.08330353777855637 0.06641896145130133
0 0.8362365155532542 0.36048774269880773 0.12539221332925887 0.06423412719305188
0 0.9692363377763993 0.2314071624062502 0.061527324447201326 0.06953713628801428
0 0.9639934577772187 0.892458470682675 0.07201308444556265 0.11688863281731698
0 0.43715868444802863 0.6230684066383081 0.0412876800013085 0.06634613364273079
0 0.3503234844447838 0.6342838891640399 0.09611946667234106 0.12795845972586717
0 0.20796472889164253 0.6610481088278384 0.12116878222053248 0.1082221235928088
0 0.11472156444667943 0.6906526130273452 0.051773439999669796 0.042458612419046915