0 0.24185486222203406 0.11156146498602587 0.1209503288794723 0.10647455416965756
0 0.13318284778959222 0.012047511030022384 0.05400654058903455 0.02409502206004477
0 0.22863843555355237 0.08213894796513543 0.09743018666696218 0.08535443056559044
0 0.2695256177749899 0.13355552473929388 0.11468800000018545 0.10341577764775733
0 0.20559160888919398 0.06633526926830019 0.10332842666862738 0.0884132070874909
0 0.7271125333383679 0.01681774584408946 0.10318279111136996 0.03363549168817892
0 0.05606499555417233 0.0797047345755964 0.11212999110834466 0.1594094691511928
0 0.9764420266677107 0.1067157499932837 0.04711594666457841 0.1109223672603401
0 0.3366601688735601 0.008151212365156313 0.033682455898572994 0.016302424730312626
0 0.5802390755568114 0.0737273125297277 0.1276495644408796 0.06955075186871473
0 0.7942141155557085 0.02453751516143199 0.0962651022295985 0.04907503032286398
0 0.8207197866661267 0.0817383938968308 0.09786709332838661 0.06357885484961256
0 0.5601413688932856 0.02570276336027233 0.13070791111224223 0.05140552672054466
0 0.3805363199984034 0.05759590777693696 0.10005162666655248 0.09715256857893484
0 0.6790892088889248 0.08825650100909782 0.033933084437416605 0.032918261617411404
0 0.7387997866659943 0.07248923631841686 0.08097336889348095 0.0494502204385876
0 0.7169544533309009 0.04750922805567859 0.06873998221837807 0.046391443916606434
0 0.1352496355565058 0.09797904066824636 0.03837496888720328 0.04726538006568615
0 0.47326976000331344 0.075220286784483 0.060802844446152415 0.05651453764410008
0 0.5686610488893671 0.04663529190651805 0.12954282666453054 0.0657636952224332
0 0.6112594488904708 0.0925533537423493 0.0628417422167129 0.041220655034194253
0 0.9699612444421897 0.031929558422859494 0.06007751111562054 0.06385911684571899
0 0.816969671110726 0.047654884080538695 0.08323072000510168 0.05076112466224758
0 0.3522830222215917 0.02661311351562773 0.07077887999928661 0.05322622703125546
0 0.45243936522553363 0.007386518234661021 0.02959585125661557 0.014773036469322043
0 0.42321278706399934 0.02136949662082599 0.06669058586574267 0.04273899324165198
0 0.19812778667029407 0.040960231963942884 0.09451747555285694 0.08192046392788577
0 0.16985824033617974 0.031783902397999386 0.09331989400088787 0.06356780479599877