0 0.8615742577809014 0.23209017913732882 0.27488711111040576 0.3556913006391983
0 0.8033307411500977 0.9444623541534929 0.25699534896347265 0.11107529169301422
0 0.7527116799985782 0.7510979707026222 0.19930225777336286 0.30245413012990363
0 0.8044851199982481 0.6139266838980215 0.17935018666709468 0.06336024397131113
0 0.3624812088906765 0.6286379129580142 0.19930225778371097 0.22416417349861162
0 0.3509179108413971 0.9686412058759006 0.06630753832351832 0.06271758824819862
0 0.0074679434299469 0.019912305612160397 0.0149358868598938 0.039824611224320794
0 0.006605368888833457 0.6134810972921934 0.013210737777666914 0.08609977717306894
0 0.10299505777657032 0.3163520208325971 0.1558300444442365 0.14682097913362557
0 0.03970104889012873 0.0380464444039561 0.07940209778025746 0.0760928888079122
0 0.03514993778016004 0.1191562788800758 0.07029987556032008 0.08335932121224643
0 0.16507221333579056 0.6420746543519404 0.17163150222558116 0.2832275733386108
0 0.884056320000026 0.7772087149147857 0.23188735999994803 0.21046862652362697
0 0.953779342222131 0.6276183228251528 0.09244131555573809 0.09860893142208182
0 0.33284437333026695 0.08643444586987642 0.25362431999916835 0.15643425752923157
0 0.14016853332933452 0.44540300050756576 0.0951728355553415 0.09496753809037117
0 0.1340456164493743 0.08003170951827815 0.07622776622366574 0.1600634190365563
0 0.2981467022198356 0.38612111706769936 0.21670570666384367 0.21382261643664724
0 0.6507303822268214 0.3830987606024136 0.051263715554442646 0.06095692437245004
0 0.47556721777655186 0.4018519362605936 0.08308508444784418 0.15716253619558984
0 0.005039786666424738 0.7089759154231646 0.010079573332849477 0.08959600709575377
0 0.9677603555532793 0.9644699385680017 0.06447928889344134 0.07106012286399666