0 0.7898348088893625 0.7530285708775051 0.15706794667575097 0.11506798340864577
0 0.6802348521745039 0.9809494045577354 0.12500972211774852 0.038101190884529124
0 0.7323451733320123 0.877272861823824 0.1687916088849306 0.1491514114056487
0 0.8495817955531594 0.6076642070270655 0.15073280000231337 0.11768978556225518
0 0.011404373331202401 0.8006695925637699 0.022808746662404802 0.05882166098992758
0 0.00670762666915026 0.8566713744761868 0.01341525333830052 0.04013337490962443
0 0.05787050666597982 0.4412161841913267 0.06327864888848529 0.0536741163114709
0 0.012460231113558014 0.5237921822063087 0.024920462227116028 0.09302268826352433
0 0.027096604442016947 0.6080268037104426 0.054193208884033894 0.05666314266240402
0 0.029499591110895076 0.6940350342063415 0.05899918222179015 0.11856969604306633
0 0.9215257600001576 0.17834410437265846 0.12976128000559084 0.28577643474407055
0 0.2915791644456072 0.9239555057256968 0.09160476443875168 0.09788061373493928
0 0.17507072000039947 0.920277699926831 0.14374229332639113 0.11921917015186734
0 0.6928051200022713 0.952139878877018 0.1301981866670151 0.08520856999250737
0 0.5638185739724173 0.9785460859169336 0.04126738539586461 0.04290782816613281
0 0.8307219911108 0.9344063004213534 0.055487146673517174 0.08615533188129942
0 0.9811154488888052 0.9775119270069824 0.037769102222389606 0.044976145986035165
0 0.8397149866653812 0.862561638628522 0.0520647111038367 0.06132103925953203
0 0.9055058488932749 0.9129220883292203 0.0717983288897408 0.061976489797914036
0 0.3585715200027658 0.943734379543946 0.10675086221761171 0.11253124091210798
0 0.21093347555336853 0.8576821735093156 0.12153287110850214 0.08535422566771234
0 0.43859825777407324 0.9600416992566676 0.06888561777563557 0.05993731034512473
0 0.9073804912053877 0.9758878698445027 0.09229570240196261 0.04822426031099458
0 0.024089110487451156 0.03527945236203062 0.044333921248714124 0.07055890472406123
0 0.7682079288901554 0.08366791549210822 0.049443271114594456 0.0920543867269813
0 0.9496581688885474 0.8546598182488723 0.10068366222290526 0.1167430236734629
0 0.992547839998992 0.2145853663249911 0.014904320002016136 0.14239724800105036
0 0.5979963733348995 0.05919776205839361 0.08519680000220742 0.08695643809488673
0 0.8458316800029327 0.6865367551483164 0.055268693332456875 0.0710799694980252
0 0.1999744000016815 0.519214798261388 0.051991893330381955 0.07260935408763758
0 0.6534107022194399 0.12823855210354873 0.08374044443998074 0.08506291431730229
0 0.7757445688876841 0.6689124184489948 0.11403263999770086 0.08404332459086716
0 0.413476124447253 0.3044819190965618 0.08184718222667775 0.07297349327560954
0 0.4945951288876434 0.09076862965817067 0.10500323555121815 0.07901820379649638
0 0.5354094933356262 0.332811947923088 0.05978339555569823 0.07603226245483397
0 0.5472787911124114 0.27425836649237045 0.05832704000381961 0.05112514199550433
0 0.34393514666395886 0.3030981901821546 0.03917596444694532 0.10618298722138253
0 0.41027214222380687 0.23460360891895765 0.09713891555244725 0.06314173519955413
0 0.602219804443626 0.3576098266260341 0.10500323556156632 0.08819451133408884
0 0.2122121055248297 0.016526284179930906 0.11329582450497483 0.03305256835986181
0 0.5044619377754215 0.5138255382789643 0.04798691555236778 0.07537681191645185
0 0.501039502221263 0.8063385480010038 0.061385386664834285 0.06831251166921093
0 0.5054813866710497 0.43950473000772844 0.054394879999260126 0.06146669493481782
0 0.3094195200026863 0.7109340807444284 0.08709006222585836 0.07311914895081462
0 0.38660636444369123 0.17623209708222615 0.03393308444776466 0.06802120031880088
0 0.082191644443406 0.04907469263192815 0.06473500445071192 0.0914717640261612
0 0.24901717333640488 0.660427975368606 0.03997695999633932 0.08848582268449878
0 0.049132373334012096 0.5282454501238563 0.05876394666524397 0.09722516319655705
0 0.7564478577787264 0.8036803319286133 0.09859527110432587 0.06503525897713858
0 0.15439047111301787 0.20292349956275663 0.08286663110678395 0.0943120496925377
0 0.5816487822216004 0.21759830883927767 0.14002858666289186 0.11725281853672098
0 0.17430613333255882 0.08588916453892403 0.06779335111172663 0.047702233628307944
0 0.9538932622255136 0.7565971349199065 0.07405568000136153 0.07384742732683958
0 0.4476640711124572 0.6854443375843191 0.11323164444830675 0.08098455541164273
0 0.5828866844427669 0.11512954133550174 0.08526961777566211 0.06933210139564594
0 0.35817102222289476 0.8194839726878722 0.08454143999972275 0.08440746377892028
0 0.40856092444414066 0.7677033801539856 0.1480385422189202 0.10785802748619977
0 0.4261100088918789 0.4072419979507477 0.08730851555657054 0.08914127322296184
0 0.041086008886082305 0.20044735308439265 0.07354595555613437 0.10829499451181479
0 0.21279032888511817 0.1011465965161843 0.12830492444336417 0.09627840130776488
0 0.2202541511091921 0.5964851339554242 0.027597937774327064 0.06838533950677306
0 0.35482140444736515 0.38444688478180994 0.04755000889094341 0.054183911174647936
0 0.5197900800034404 0.040517421713896384 0.08403171555449568 0.06590919302836862
0 0.878818133333698 0.5217273586586139 0.13245553776828778 0.0667102992419557
0 0.2541508266650554 0.45614589089943636 0.08068209777896601 0.07493984489083694
0 0.18085973333670863 0.6208460456327554 0.051773439999669796 0.09496750023091982
0 0.8760510577768501 0.46739779180867996 0.12240668445204694 0.083460701890128
0 0.42195939555143314 0.8528391223088905 0.09240575999849371 0.10276007885418592
0 0.974525439997928 0.7899158706221439 0.05094912000414398 0.08295090702687002
0 0.561878755559317 0.4500283525409875 0.07165269333248336 0.055421984413850156
0 0.5550702933325535 0.40203480756230997 0.15925248000356879 0.07697902434362625
0 0.48440063999862304 0.3020421865369789 0.05694350222539568 0.06853099518197792
0 0.2937636977785991 0.4211885288512033 0.12291640889727407 0.11339294314382853
0 0.44839224888839657 0.48808089768722596 0.0656088177735607 0.05840792575551257
0 0.3390927644446492 0.601437426912233 0.06881279999183282 0.08950541241093402
0 0.5252150044466058 0.5904768373533994 0.09094940444661509 0.07384742732683969
0 0.5806293333311461 0.5100020768048933 0.09051249777484272 0.09555012293173992
0 0.9709579012149738 0.01911167241471884 0.05036764242168934 0.03822334482943768
0 0.9192567466654711 0.36350888147171584 0.16148650666905773 0.1093145842382498
0 0.6612750222233849 0.26151349491233605 0.05068117333576083 0.05068817496988942
0 0.6885816888883709 0.06768220513882289 0.1293243733338184 0.07639640164288697
0 0.5795370666672373 0.03094056106942955 0.0423071288917628 0.05039686361947937
0 0.012860728888255027 0.4497895922932385 0.025721457776510054 0.05589950490934814
0 0.09234972444569899 0.2901712490080937 0.12641166221971314 0.06678312707959877
0 0.4360496355531116 0.16993248912983167 0.046020835555261985 0.06051993304594483
0 0.11091726670662563 0.9863022506213782 0.08408639973236455 0.027395498757243564
0 0.14929322666592068 0.970789921212489 0.10675086221761175 0.05842015757502206
0 0.3061427199954374 0.3254199224066559 0.03888469333243039 0.082513940001255
0 0.4172262400026537 0.5694660062056623 0.07201678222045305 0.10931458423816909
0 0.3855140977797823 0.4784312092051566 0.05708913777230512 0.050906658482737344
0 0.8673129244448824 0.5533346401771719 0.14337820444876948 0.0715169365235595
0 0.7771750099750029 0.9768346317333354 0.04578139339056286 0.04633073653332931
0 0.8986973866665116 0.8112544270390315 0.07667711999060389 0.07697902434362613
0 0.24777927111006445 0.5307215966022607 0.05599687111874424 0.06794837248123875
0 0.3013175908113933 0.01525179702190721 0.042855165039913545 0.03050359404381442