0 0.2816236088880234 0.5741338982988412 0.12058624000185064 0.11586890551985829
0 0.7971370666650021 0.03983504027869844 0.13813532444958887 0.07967008055739688
0 0.6144736711091052 0.7883930560859439 0.12990691555250022 0.08309643067133865
0 0.6358820977776001 0.9534600867272786 0.1609272888861597 0.09307982654544289
0 0.5113636977763639 0.09307038138430651 0.16165546667244696 0.1548317367285389
0 0.5566927644475881 0.38886017382218513 0.13332935111183258 0.07858111191438988
0 0.6408337066674398 0.5442745323258246 0.24058993777467141 0.12824961824034187
0 0.8027804444440537 0.5371010017200804 0.05548714666316901 0.08083877129294503
0 0.011196160000852412 0.7259251536886671 0.022392320001704824 0.08007423231310995
0 0.7140519822223319 0.7564581000391516 0.07711402666237621 0.08841285436892954
0 0.33922247111590376 0.8355854198677184 0.10354687999933959 0.12956051723423734
0 0.8041275733357502 0.8120984795596422 0.0843958044424653 0.0968608701077266
0 0.26709646222492056 0.3037609807989988 0.1321642666641209 0.07807131786129795
0 0.7791874844477409 0.6998709601341224 0.1007798044424918 0.1380813606948007
0 0.9440614400017593 0.5409272009604054 0.11187711999648142 0.08687798452667406
0 0.8371504355532428 0.3925015599164426 0.06204074666731896 0.10567302445584026
0 0.3719236756674945 0.9825183477595723 0.12030701355801687 0.034963304480855384
0 0.8670057244443645 0.7515786426728053 0.057380408886820056 0.09074334146933194
0 0.16140145777931644 0.5775203873665125 0.11519772444541256 0.11885484211704667
0 0.042926933331828974 0.5798508744668339 0.07674993778475457 0.11200903625985714
0 0.6140731733344081 0.7221926568919972 0.1141054577815035 0.066928676412782
0 0.22475292444643047 0.8570331839629828 0.1060226844416724 0.1305072776188163
0 0.7638957511116233 0.3792833283942317 0.07937137778434489 0.07865393963631784
0 0.32735317333394454 0.714582159954968 0.09597383111508356 0.08651933359993336
0 0.11166691555538111 0.41384008242889586 0.03699143110877938 0.07639628025792422
0 0.9508699022233487 0.7393654975342219 0.09826019555330279 0.10948906943934855
0 0.9508334933314473 0.6384844745702912 0.09833301333710553 0.0865047656287008
0 0.6519384177763843 0.6546449448432315 0.15284451555667644 0.11157206992861268
0 0.20738588444267708 0.7340271616983847 0.1363876977728473 0.1072024066154389
0 0.27030044444319273 0.47075494708239896 0.11818325333297253 0.09016071969423134
0 0.9329567288876408 0.8791363975552353 0.1340865422247185 0.14703917048685122
0 0.007955768890678883 0.8456920195742913 0.015911537781357767 0.10316397464079019
0 0.06859520000095169 0.7437496625701536 0.08876487111879719 0.09678804238579852
0 0.9366340266644126 0.42105002689556376 0.1267319466711746 0.14223254084235204
0 0.6742934755567047 0.395997290566925 0.10143516444497636 0.10246860469286778
0 0.7432883199976965 0.2427313498589488 0.042962488894247364 0.08520843460595706
0 0.045439146666063204 0.3404661526292454 0.08206563554704188 0.1188548421171276
0 0.5182449777765821 0.2233955896983837 0.1853212444422146 0.14179557451102665
0 0.8193100800013376 0.11965249987250348 0.09626510221925044 0.04573580934410382
0 0.7322928355541081 0.11287952173716115 0.06772053333827188 0.05345554786394435
0 0.8388980622196363 0.18734586736504433 0.06058439111544034 0.08440732966523412
0 0.15375559111125767 0.47210225993725846 0.11650844445038172 0.09518583250435275
0 0.9347043555540343 0.26101110805220473 0.1305912888919314 0.1302159667312659
0 0.9703122488895638 0.042238355100907565 0.0593755022208724 0.08447671020181513
0 0.9577561679554896 0.9906022248888506 0.03965185591951015 0.01879555022229873
0 0.15430172444838616 0.8701421739023826 0.03240391111208335 0.09249120679463374
0 0.23534791111014786 0.14754551735463645 0.12036778667113848 0.14682068732106723
0 0.6743662933301595 0.02191942069483993 0.08716287999931305 0.04383884138967986
0 0.8304876088889108 0.909505557581465 0.07449258667313396 0.11514062830090177
0 0.6190247822190738 0.07384386280651212 0.07230805333496793 0.05491210230161503
0 0.8972251022234559 0.045878017602491605 0.0519918933303819 0.08593671182483276
0 0.767354595557683 0.1984885088135605 0.06895843555943837 0.09722500871712403
0 0.9354180266666743 0.14503296094957574 0.1276495644408796 0.0908161691912599
0 0.6280541866655565 0.14281171543206533 0.0763858488967849 0.09540431566997498
0 0.7653521066686759 0.45899326999789913 0.06990506666608987 0.06445253386868521
0 0.8375145244463864 0.47192019063255974 0.06233201777148578 0.043405322243701416
0 0.8591049955536922 0.5361542413355822 0.04638492444323161 0.07821697330499233
0 0.8671877688883494 0.6523144577429099 0.06051157333163748 0.049377195438320975
0 0.7575606044485337 0.9262923474760862 0.09029404444413058 0.10880461649688467
0 0.73607936000141 0.8483666850586038 0.06495345778142414 0.05665996762691672
0 0.6332970666647371 0.8676660313582858 0.15328142221810082 0.10982420460331077
0 0.5224557731817994 0.015729064334598142 0.1865116003072924 0.031458128669196284
0 0.5616443733322538 0.45786444030866197 0.13347498665874202 0.07180813377904738
0 0.14574563555522926 0.14332150948527833 0.04849664000794292 0.15046207341544604
0 0.07267299555242061 0.1440133728431901 0.10391096888730923 0.15650677433191273
0 0.07810929833600919 0.03324413144805477 0.11910712776912585 0.06648826289610954
0 0.036009244444883536 0.16604375871355515 0.07048760888477167 0.08855850981270463
0 0.007810133333421416 0.074111046706474 0.015620266666842832 0.09302557459439587
0 0.20190988201130597 0.0328435789776933 0.12156220930111078 0.0656871579553866
0 0.006098915553755231 0.012157601497927717 0.012197831107510462 0.024315202995855434
0 0.10937315555703309 0.30700181442289487 0.03997696000668738 0.0511978884854698
0 0.16577052444530033 0.33886394274779963 0.0562153244494564 0.14419888933319536
0 0.25668352000001404 0.3858742372248754 0.1241543111080925 0.08746609398451233
0 0.17514305024718246 0.9949354743410603 0.04175546939174332 0.010129051317879445