0 0.6133246296292378 0.1303204085479911 0.3888410163008505 0.2606408170959822
0 0.6973169777801054 0.7409402148718129 0.2674596977834073 0.08593681415856713
0 0.7008122311128924 0.4639760587321029 0.3657636977835662 0.36399338742740195
0 0.08423893333205747 0.6074468416916302 0.16847786666411493 0.39064836537822334
0 0.9587078776831428 0.0769012109333711 0.08258424463371439 0.1538024218667422
0 0.32434939626190396 0.9715186918807934 0.034307325859036675 0.05696261623841303
0 0.40532353067667115 0.9731573175744805 0.03561957690657841 0.05368536485103892
0 0.30179142210011684 0.36548140254619377 0.42383105802453225 0.7309628050923875
0 0.6244603338547878 0.9822972075548997 0.12101823215683305 0.035405584890200736
0 0.9782195200005339 0.1833464740707415 0.04356095999893217 0.0811782549726846
0 0.6512961422196692 0.28791483142005786 0.29250901333159873 0.10756667331535008
0 0.7242959644490232 0.643787918187514 0.3205438577776982 0.10297852137305852
0 0.5034196886233986 0.9718464170195228 0.0352038927997152 0.05630716596095442
0 0.47104001199412676 0.9723197977754742 0.03248528620849056 0.05536040444905166
0 0.4389895905844039 0.9727203507228145 0.034502985618180715 0.05455929855437103
0 0.16843898413288927 0.9740312512777722 0.03196205716166231 0.05193749744445553
0 0.19783579244588811 0.9735578705218209 0.0301712826722198 0.05288425895635818
0 0.2273057965044346 0.9730844897658695 0.03216778857426511 0.05383102046826094
0 0.2583425530180749 0.9725746951055925 0.033365639371590455 0.05485060978881506
0 0.29112810642044573 0.9720284865410301 0.03573091507164966 0.05594302691793973
0 0.10645480214928588 0.9884875712866739 0.03571607540878985 0.02302485742665228
0 0.07427708616790672 0.9895435745114729 0.031216856785532494 0.02091285097705431
0 0.04447267996147275 0.9904903360234161 0.03073607991553015 0.019019327953167964
0 0.015082251094281674 0.991400683630993 0.030164502188563348 0.01719863273801403