0 0.9493637094843306 0.029999616093523862 0.06680360325715606 0.059999232187047724
0 0.8380037688908891 0.10285851750093833 0.0691768888901505 0.04624578789174638
0 0.755719679997613 0.055629551441366165 0.06582727111462083 0.07428457267646582
0 0.6308484736519555 0.02085970053381564 0.05531894603951115 0.04171940106763128
0 0.8581671035434637 0.022680400844526383 0.06668670485830974 0.045360801689052765
0 0.17670901221119695 0.014924217520948635 0.03677276219758724 0.02984843504189727
0 0.07818666666539179 0.04219830817521325 0.08687160888479815 0.0843966163504265
0 0.5132270288239751 0.018747688173425092 0.0757493912345833 0.037495376346850184
0 0.46022513777845436 0.07438276464159815 0.06204074666731885 0.06751156752075438
0 0.43328891800095637 0.019221070254200223 0.0968349284388953 0.038442140508400446
0 0.3978931199966206 0.07409145259187794 0.06349710221919752 0.06751156752075438
0 0.05000618666720887 0.10639067610365416 0.08133745778145061 0.09059804746039224
0 0.16738844444561335 0.07310827442409251 0.1251737599985467 0.10225052944879565
0 0.5264893155544996 0.047436400043248506 0.07077887999928656 0.0444979155934252
0 0.9634323911120495 0.08574393458032176 0.061676657779349164 0.0520720288859885
0 0.9028115911150558 0.029781132056233728 0.026360035553160577 0.059562264112467456
0 0.8148477155560007 0.06870217967221615 0.05388515555403295 0.03007796913276084
0 0.8038886399991396 0.036548612185259566 0.042452764438672186 0.04602730385441578
0 0.6776954311101386 0.07827906330646422 0.10201770666365817 0.11433997951186015
0 0.6909424508973543 0.015397599601723766 0.07799947153156006 0.030795199203447532
0 0.2734385450836271 0.012921447179182977 0.048478654616822825 0.025842894358365953
0 0.274430577782914 0.0810101137724899 0.08279381333332922 0.05483949335824945
0 0.021708088890752857 0.027341393639928213 0.043416177781505715 0.054682787279856426