0 0.8039791965132785 0.9738851349146689 0.06743117525345743 0.052229730170662125
0 0.8490160355551375 0.9560058722114031 0.08920177778022154 0.08798825557719381
0 0.9003889777801103 0.9370645605935543 0.10835285333709588 0.11987481225887509
0 0.653136213330759 0.9668208233781468 0.09240575999849365 0.06635835324370631
0 0.6193232970519198 0.9822967635998872 0.0754851308133867 0.0354064728002258
0 0.7683703466680729 0.8081954960175257 0.11010047999314143 0.11251918890640555
0 0.7389883733354509 0.8474133492382913 0.08221127111464743 0.08448042662231803
0 0.7014143999976417 0.9394375126798601 0.13099918222675722 0.12112497464027983
0 0.5212632177759791 0.843043671999242 0.11701816888526084 0.09059797475705167
0 0.5017116444444076 0.8837180842997445 0.11650844445038178 0.09897318946525613
0 0.47662591999914083 0.9238098729683117 0.1106102044487165 0.08899575976934093
0 0.44924643555552596 0.9576080871990733 0.12109596444707782 0.08478382560185338
0 0.5328412444434232 0.8014953242509378 0.14701909333881402 0.11441271571006362
0 0.5461304888905336 0.6157840415898118 0.12160568888195689 0.11397574798606169
0 0.5206442666705697 0.6974605919837373 0.07966264888851182 0.10152216785475543
0 0.5860346311134184 0.745417799682682 0.15116970666373775 0.14703963909520135
0 0.5887652977783646 0.5304660934967057 0.11250346667236755 0.12642932811752972
0 0.6390459733342545 0.5620005975720407 0.08869205333499441 0.10967889870103975
0 0.43158812444243166 0.5635663985827781 0.09437184000594745 0.10567336123188442
0 0.3694381511097567 0.4414703337272839 0.08526961777566211 0.12031177998279607
0 0.45725639111155436 0.46812536488570217 0.08585216000469198 0.11215504913651186
0 0.9800497777760029 0.9456328755898873 0.03990044444799423 0.10701354379213002
0 0.9641755022212035 0.8226154757720967 0.07164899555759296 0.07872692852631957
0 0.9393810488904516 0.738899697801041 0.1212379022190968 0.09773511424752024
0 0.9529979733336302 0.7773648080445708 0.09400405333273942 0.09013710595399937
0 0.993703111111083 0.6827845627620939 0.012593777777834103 0.0285527358036326
0 0.9885330488905311 0.5788381390731154 0.022933902218937874 0.05071974367934651
0 0.8839685688933565 0.6809650604061812 0.14046549333466418 0.1429612736720186
0 0.6489127822220325 0.2777166791926064 0.09488156444082652 0.09591441539788936
0 0.7891234133289092 0.3599030252643993 0.10107107555700678 0.09671552289178509
0 0.7301410133329531 0.33160936514129724 0.08213845334119274 0.08120316869303124
0 0.6902732800019697 0.3951881689699963 0.07609457778227002 0.08164013641687151
0 0.8860438755558182 0.2879854207044285 0.1412664888944063 0.12446297336000611
0 0.6461457066651848 0.36634829919201306 0.0683758933304085 0.07785308280971703
0 0.9573670399996141 0.4448112357057571 0.08526592000077171 0.10692980425938314
0 0.8385302755516022 0.2301600252405287 0.1015808000022339 0.10436245806020206
0 0.7602875733334157 0.47427932699744935 0.10121671110391617 0.09300129723849637
0 0.8589556622215444 0.456509306225184 0.15408241777784293 0.17019892846237206
0 0.7593409422215902 0.23940917539661588 0.11243064888856469 0.10305155488843876
0 0.25675263999857834 0.07234184895555695 0.19427783110489447 0.136843725537366
0 0.6880181911815372 0.0105901056406561 0.045685360829035515 0.0211802112813122
0 0.32600234666218364 0.8239263340782402 0.12932437333381835 0.10975172665506716
0 0.06862933333549234 0.5394967597907514 0.13725866667098469 0.13749917712320714
0 0.12189032907287278 0.9943862039613804 0.025174446321196017 0.011227592077239112
0 0.1867747555538598 0.957310731801332 0.06990506666608981 0.0742845130644827
0 0.059527111110380955 0.8965358042010255 0.11905422222076191 0.14165037050033624
0 0.005423502220461766 0.06884212639332749 0.010847004440923532 0.031764640228164276
0 0.015071857777527637 0.025665492115488964 0.030143715555055274 0.05133098423097793
0 0.07631160889027847 0.764730317371828 0.15262321778055693 0.17177492368360747
0 0.7396437333327615 0.054935967953225806 0.07594894221466442 0.07144422285903607
0 0.7887245329096912 0.021769196577293648 0.08901562564488918 0.043538393154587296
0 0.8096944355561088 0.08403073557014279 0.13303807999731765 0.13793614484712824
0 0.8397681777779427 0.13501030335948105 0.15794175999859972 0.13123597308049995
0 0.7032712533345653 0.20696432189638464 0.09830400000015893 0.09860904969536233
0 0.9112388266664412 0.16971282343318328 0.10121671110391617 0.09533179176607542
0 0.7787832888878055 0.29650629132064715 0.07077887999928667 0.07042463150322031
0 0.8070365866697911 0.5377488888951479 0.09743018666696224 0.10822233962138372
0 0.9368688355562174 0.3723566053957461 0.12626232888756528 0.12147702724658571
0 0.9684717511085587 0.8734935607236549 0.06305649778288269 0.07732767921424977
0 0.9477550933344496 0.6270723744574498 0.10448981333110063 0.13465888691776062
0 0.9531353076868173 0.9907083922851456 0.041616157038758095 0.018583215429708644
0 0.8366370133382992 0.8761075631083008 0.1270670222221978 0.10880496325319766
0 0.7315609600032783 0.9056392984491388 0.11381418666698861 0.11834542522527258
0 0.8033228799959438 0.7731288361738489 0.10893539555577769 0.11200939322853809
0 0.6380265244438003 0.6696403135615294 0.13354780445289283 0.12220530678645425
0 0.6950064355559233 0.5981960907024935 0.11308600889104936 0.11681603819150832
0 0.35490579120297394 0.013576051754036034 0.07193682370707394 0.027152103508072067
0 0.4081407999982023 0.20878502074601546 0.16049038222473527 0.25125644124742963
0 0.3130043733347621 0.2358041916743679 0.09124067556113002 0.12744891947334558
0 0.21404501333211862 0.12226541141210612 0.13769841777781647 0.08899575976934093
0 0.37136782222530906 0.12616170695030138 0.10034289778106742 0.1381546287091293
0 0.5391399822197854 0.2588542391104978 0.1240814933346377 0.10276024307249132
0 0.6309996088914986 0.07158351710288274 0.137552782220559 0.1431670342057655
0 0.4088118746980197 0.9869213386779105 0.05881383683946401 0.026157322644179026
0 0.5320500478924562 0.015870132304520668 0.0681494400629567 0.031740264609041335
0 0.5057530311091493 0.33142729525635034 0.12036778667113851 0.11113545778069589
0 0.19780664888934957 0.19997283831384943 0.2013411555646194 0.16357158464977106
0 0.410106880000482 0.7118076989187017 0.05752604444407755 0.06030154589941228
0 0.31296796444803476 0.609884977317039 0.06276892444325821 0.08105751278505757
0 0.28824632889073754 0.4054569104818589 0.08687160888479814 0.09023383498707693
0 0.18408049777564076 0.42126057649656024 0.08825514666322204 0.06561798654024997
0 0.20020963555305368 0.38473735757318683 0.08949304888438847 0.06787565311372101
0 0.21608391110785305 0.3476679289949323 0.08876487110844916 0.06641909403406487
0 0.13623921778053044 0.3524017460039157 0.09349802666240269 0.13254687625226325
0 0.17992988444036906 0.5820282849178983 0.11956679111139643 0.10938758688509242
0 0.21142357333252826 0.5092731588870989 0.11570744889063966 0.10254175921057129
0 0.10277944889126553 0.45436088158263255 0.14876672000520758 0.12351620995813661
0 0.08628764444341262 0.6542684509269237 0.17257528888682525 0.153822967503508
0 0.01113969777814216 0.9510862582730815 0.02227939555628432 0.04590612641003433