0 0.8004454107799878 0.9671118206765887 0.1431712553422484 0.06577635864682252
0 0.1099781688871897 0.1886119427569925 0.09874090667193136 0.08564557116130855
0 0.17289272888770535 0.0872719663361683 0.09597383111508358 0.10217749688711608
0 0.3436504177749157 0.30153154997263054 0.14010140444669456 0.1301433976744657
0 0.25393891555981507 0.4961640235512828 0.09903217777609824 0.11419409488166388
0 0.2732720355555001 0.21759743367724366 0.12677575110768277 0.11696155381382545
0 0.21570958222469522 0.3433711593536809 0.12917873777656094 0.10195901328716817
0 0.9378649600005398 0.7097681563879823 0.12427007999892037 0.09409360369082209
0 0.9885461333311266 0.42788634169923695 0.02290773333774676 0.06110569387155651
0 0.9606205155555573 0.5758656574769464 0.07875896888888545 0.09021679454939258
0 0.9895291733348535 0.24929742044901287 0.020941653330292964 0.07578071087122484
0 0.5799076977806786 0.34632068795237136 0.14498019555790553 0.14470897100122704
0 0.24981377177561323 0.026466813609182793 0.0959228920025958 0.052933627218365586
0 0.1187296812215613 0.03746382147086946 0.09652961533930567 0.07492764294173893
0 0.9185831822196229 0.07026665947716726 0.08978431999890346 0.08404335809532038
0 0.9810504775908258 0.02519736353508728 0.03789904481834838 0.05039472707017456
0 0.9549920711148945 0.8956976999039157 0.07813347555283034 0.11798114394664616
0 0.05776925449156099 0.9859742381347427 0.051703486757145985 0.02805152373051456
0 0.5613391644424863 0.16213901323565721 0.12269795555621388 0.12082143074532226
0 0.9580354844426944 0.3210494182304261 0.08392903111461136 0.07901823529756946
0 0.7963949511086361 0.47005523336308624 0.13900913777243762 0.13567831553862686
0 0.5128061155529899 0.5862520945771748 0.07514794666527042 0.07879975169770237
0 0.6870954666648887 0.28922364051149896 0.1194939733275936 0.1171800374136116
0 0.594580480001039 0.666763301140799 0.10107107555700667 0.1240258568772985
0 0.36866332444672784 0.5780589595809069 0.07638584888643685 0.08426184169526829
0 0.4115165866704451 0.38550208020131504 0.09378929777691764 0.08819454649344127
0 0.45185763555475406 0.4517026109713426 0.13180017777615116 0.12300626674439707
0 0.5132430222247624 0.27305585411878974 0.11345009777901899 0.11324733261543862
0 0.1803201422250519 0.2980358123741916 0.1277223822246823 0.1100429064836238
0 0.21206869333465067 0.41266687445567046 0.12262513777241113 0.10377970995302344
0 0.4162497422192246 0.13286221084886274 0.11942115555413896 0.12956077474145977
0 0.7803022222179505 0.5991426269713526 0.09866808888812861 0.1015220460874342
0 0.4703897599958711 0.0565021926833999 0.08293944889058669 0.08229548929614128
0 0.43099534222338765 0.9216972482921788 0.10085262222629454 0.09482188235709943
0 0.5458653866675579 0.843917086727378 0.1204406044445932 0.09569581675672945
0 0.8972111644430294 0.9454091164197183 0.17563648000359533 0.10918176716056349
0 0.039406080000723404 0.07558309374146144 0.07881216000144681 0.12176819301162833
0 0.7322424888921281 0.3552421016149571 0.1404654933346643 0.13808163513756877
0 0.9206220800005314 0.5272251086705539 0.1538639644471308 0.1579636427286245
0 0.6911004444480771 0.5110209083445472 0.13944604444420994 0.11448540634828819
0 0.0900989155543761 0.7677755521617822 0.08738133333002528 0.08761192356043557
0 0.754451911115191 0.8669306925836124 0.12808647111265192 0.11667024234728218
0 0.6531987911090255 0.777935039557177 0.134858524447514 0.09540450529018618
0 0.46347207110892563 0.19735128675304936 0.11628999110932153 0.13356630740630915
0 0.9686668799983131 0.11550163801553814 0.06266624000337384 0.0992093010727988
0 0.5075996444457107 0.9608122102127714 0.12095032888982032 0.07837557957445707
0 0.9367876266698456 0.2793918785159451 0.057307591113365364 0.055858973708103776
0 0.1636084622186091 0.6590435472776033 0.08468707555698023 0.09023372675916352
0 0.028701866666475933 0.9592828250134595 0.057403733332951866 0.08143434997308097
0 0.015631075555251703 0.1959321728580667 0.03126215111050341 0.05207398365191296
0 0.07346005333173607 0.14422335804372854 0.11395982222424614 0.0787269238310262
0 0.034866631108646594 0.23656909293533124 0.0640068266644246 0.06722012090288865
0 0.010752284444040722 0.8894785123014192 0.021504568888081443 0.04867489773322364
0 0.032925297775202325 0.6170946960965789 0.06585059555040465 0.09445774302396093
0 0.06023196444536249 0.6959672756609172 0.12046392889072498 0.13291085660662716
0 0.013919857775585518 0.26330724131677363 0.027839715551171037 0.057251391122463025
0 0.6161709511135187 0.20660042581551658 0.07711402666237621 0.07530401409926346
0 0.23322225778053202 0.15394587823930844 0.11920270222342674 0.14347089726845852
0 0.5416055466669301 0.04474049222205723 0.05395797333783581 0.05411110490892468
0 0.9630599111111628 0.37160016400276563 0.07388017777767442 0.09138255996835776
0 0.8801353955589648 0.3230885984961889 0.06502627555487883 0.05629594090791867
0 0.8448187733327763 0.288021980712028 0.06458936889345446 0.0623406538384903
0 0.8863249066647969 0.2371881298017155 0.07536640000633066 0.07209958796736793
0 0.9406469688906024 0.1914886434890471 0.06983224889263506 0.06357872757125904
0 0.9203672177779177 0.14899358330827428 0.06247765332874322 0.06132106370558876
0 0.8685209599996193 0.18271288555969256 0.0710701511034536 0.06816688316919484
0 0.8049510399966191 0.23452991266956846 0.09320675555823577 0.09897307075522055
0 0.7691246933303773 0.09724938406499373 0.09976035555203755 0.10727544755154317
0 0.7210285511126535 0.14174721057819123 0.10813440000638364 0.11586913581424751
0 0.6804326400005569 0.050645665331590595 0.12451840000641012 0.10129133066318119
0 0.6222606062216478 0.01317572794852817 0.05852348110121153 0.02635145589705634
0 0.39779043555673627 0.029161444674627612 0.08818232888976729 0.058322889349255225
0 0.31506944000203574 0.05839571721589104 0.09255139555575115 0.09234573489156228
0 0.6244357688921607 0.9361535798189662 0.08665315555408604 0.098681759288758
0 0.6909183999989181 0.9513081736170587 0.09320675555823577 0.09738365276588268
0 0.43159351581707595 0.9889965946000285 0.044852400488323674 0.022006810799942933
0 0.3027268266667508 0.9481701778135141 0.08301226667438943 0.08309659582909501
0 0.33521637295165824 0.9829154677361187 0.06943083371346193 0.03416906452776247
0 0.5480499199953758 0.5390596369985325 0.04339939555567174 0.04588155597927823
0 0.46918826666660607 0.5685185090518963 0.03597198222867315 0.031534466252383875
0 0.4728291555566506 0.5262055185376928 0.10092543999974923 0.07683339929857547
0 0.374161066668522 0.7429776635729901 0.05738040888682011 0.060155817839496306
0 0.47155484444358287 0.6449877690173331 0.07347313778267966 0.07421159609976646
0 0.7297302755578938 0.6576962317448607 0.06495345778142414 0.06831253890246647
0 0.6973263644458105 0.5954648197063444 0.06335146666194003 0.07275503876704992
0 0.9346395022184071 0.7856547934203324 0.123207680001441 0.02927680238679453
0 0.8526102755529186 0.7505153477695761 0.0558512355511388 0.05673290810773368
0 0.8046597688924522 0.6984798370597523 0.07514794666527047 0.07952803036406075
0 0.9394818844428907 0.6418561707520329 0.10449351110599103 0.06197651450527075
0 0.3091347911084692 0.2555043382600806 0.11534336000267004 0.09620561182322074
0 0.28368497777523266 0.37475996987283355 0.07711402666237621 0.08360639089550537
0 0.35373567999857997 0.4147788825880691 0.06590008888807564 0.07450290756630984
0 0.3205307733371026 0.4823995567574751 0.11570744889063966 0.14711229060008824
0 0.27538375110986335 0.618878978829096 0.08687160889514617 0.09744368555590854
0 0.22240881777575444 0.64746391648283 0.08344917333581378 0.10683848035172838
0 0.008240071109806497 0.7072637079228354 0.016480142219612994 0.040179591351225175
0 0.6845832533306546 0.8252003250024551 0.0898571377827061 0.07530401409926346
0 0.5679655822252647 0.9254478834238229 0.0510452622237304 0.061393891572264936
0 0.3846468266668833 0.9592464110801618 0.08942023111093372 0.08150717783967631
0 0.3283253884098182 0.010990891949493764 0.047208492033597504 0.021981783898987528
0 0.5207432533355637 0.10864694519315726 0.08738133333002529 0.08710212849394428
0 0.6284407466650009 0.4267590666493193 0.12306204444418345 0.1159419636809238
0 0.6635753244420306 0.45020963970540917 0.10201770666365817 0.09569581675672945
0 0.7622070044434319 0.4174735136535139 0.10587704888441496 0.08979675955934863
0 0.8446003200020641 0.056902745949876765 0.061239751107576845 0.0603743014393634
0 0.8217719466632438 0.021478104744770077 0.05606968889219888 0.042956209489540154
0 0.893788728888871 0.030035379074217106 0.09582819554747801 0.06007075814843421
0 0.1808662755570064 0.9265038874900222 0.09080376888935765 0.09220007915829065
0 0.1268074829959207 0.994130959197713 0.028073369421892688 0.011738081604574124
0 0.08449194666205181 0.9623780093453811 0.06204074666731888 0.0752439813092377