0 0.07311644444449081 0.2669391688135813 0.12575630222757656 0.0975164745469671
0 0.33322154666400616 0.37414174576135845 0.09895936000264355 0.11412122151977278
0 0.12685596444644034 0.47945079893155124 0.12429994666534994 0.089359756735648
0 0.17892662359712025 0.9688963974348642 0.11732133609346218 0.06220720513027156
0 0.5822507883111636 0.978291188485345 0.06370043884962795 0.04341762302930996
0 0.7775051806949906 0.95323841235077 0.25250397916469314 0.0935231752984601
0 0.7780653511122283 0.5194696956930169 0.10784312889186864 0.06219497331076196
0 0.6252572444422791 0.5280997944486108 0.08242972444535956 0.10101221075180666
0 0.8824496355580373 0.5108760108561639 0.09568256000056863 0.07049734679720532
0 0.986080568889156 0.6434464841427903 0.027838862221688077 0.06928448368783657
0 0.6523090488898258 0.8347049907463919 0.1599806577795082 0.21214749092999774
0 0.20863032888931532 0.8809142537038686 0.15240760889525215 0.13225535308235226
0 0.5098774755580557 0.4163090637319971 0.1544465066658126 0.10844065018693894
0 0.8338151685479614 0.092631374472327 0.0439663206744525 0.185262748944654
0 0.3699217066634446 0.598669969083459 0.10303715555411247 0.1253367085103163
0 0.1642843022218181 0.13082394033837708 0.03954005332456695 0.16641160891699802
0 0.8740027733354105 0.4315664957092978 0.03378744889050722 0.07282783760040468
0 0.3862692977767438 0.21628740776247302 0.05097244445027577 0.044279325261111335
0 0.5516748799994174 0.32221549755226686 0.055268693332456875 0.08600967620609445
0 0.7787207111095389 0.8818246016738392 0.10463914666324858 0.0734832881387868
0 0.7423524028000732 0.07314992791424263 0.07572214551683931 0.14629985582848526
0 0.5529491911124852 0.6697863525002249 0.09626510221925044 0.06059276088358767
0 0.13763299555931655 0.1328267058724258 0.03852060444446072 0.16633878107935518
0 0.4044997297641304 0.9922741333046221 0.10999448775417275 0.015451733390755895
0 0.5517476977780461 0.7709442189271961 0.0720167822308011 0.09176307537657125
0 0.47124764444306494 0.09030088366912764 0.0431081244515048 0.18060176733825528
0 0.7518145422244238 0.1932373971619466 0.0720896000042558 0.10377966858054022
0 0.3552853333298117 0.8670405506409347 0.10580423111096021 0.09911868697414139
0 0.8963578311105569 0.7525187760143279 0.08869205332464647 0.03830744257778651
0 0.5167587555530999 0.4881901394436095 0.1332565333280299 0.06823968383164869
0 0.8298387911118981 0.5813369437345475 0.10624113777238464 0.058772064943484637
0 0.3737810488893754 0.09801499949939779 0.05075399111956358 0.18134131562506728
0 0.7600793599978917 0.7512442888563042 0.06488063999762128 0.04464346444900258
0 0.2967762488923553 0.477338791641119 0.06742926222375695 0.08615533188129942
0 0.20673706666566433 0.7595466623427475 0.14148494221477048 0.0960599177949979
0 0.11134577777961062 0.1347930574875722 0.03881187555897567 0.16633878107935507
0 0.6435345066659566 0.28412653848724734 0.11898424889271453 0.03750633636419942
0 0.8912605866634598 0.8623067411969334 0.10966357333171706 0.08673795458203859
0 0.4078961777759509 0.09528395558940483 0.045729564451095106 0.18097717643701428
0 0.13632227555434737 0.3654024052493002 0.07769656888105803 0.05352846063626593
0 0.7979081955531405 0.4322583601665014 0.0843229866690105 0.07231804273722753
0 0.4171804444450471 0.6638144698169811 0.08949304889473647 0.05389259982431871
0 0.4860660622206827 0.3388202445251533 0.11527054222921529 0.10669278208455968
0 0.13770581333277127 0.6343191955888553 0.1682818844397035 0.16226042217369563
0 0.4402272711145795 0.09273498127335755 0.047185920002973725 0.18097717643701428
0 0.7412923733341611 0.6579154149713398 0.11381418666698861 0.10909610072540188
0 0.4746336711104959 0.24516364537103813 0.15488341333758499 0.09241852591487254
0 0.5112610133313056 0.8532760893344651 0.05599687110839613 0.0648896033019335
0 0.2524732559505436 0.9655463169052703 0.04523308968378437 0.06890736618945958
0 0.766086826664913 0.30138673599855637 0.10019726222380998 0.05178059253388656
0 0.01728886164103945 0.9929295838430042 0.0345777232820789 0.014140832313991547
0 0.01644231111018194 0.970415282007661 0.03288462222036388 0.03873564138919949
0 0.48890162786572344 0.9796385034809307 0.061231095726705265 0.04072299303813842
0 0.4137215999989874 0.9556720290006789 0.11315882667485211 0.0408564168938339
0 0.4083330844425493 0.9188939710124642 0.11636280889312423 0.06984189625882309
0 0.2846520888877826 0.8279684157683419 0.03109319111746217 0.043114079859471355
0 0.338282382224376 0.8203214928202809 0.08636188443957105 0.05636874630272326
0 0.5760688355554723 0.8399121811347892 0.055268693332456875 0.07209955922446043
0 0.2984146488882187 0.96084892138005 0.06706517333578732 0.07830215723989997
0 0.11953777777962388 0.7441435746902418 0.039904142222884645 0.03772481987696652
0 0.29874232888946106 0.6102860091806748 0.06757489777066644 0.13458584388555161
0 0.39664583110974894 0.6307870454652347 0.05366670222332082 0.03939986014178387
0 0.21336348444326886 0.6456439243357014 0.11789198222880562 0.13567826144954886
0 0.1863480888876236 0.25819982830148264 0.03881187555897567 0.09096196916290322
0 0.22053603555282786 0.2439983999694385 0.04136049777476322 0.0654722260027536
0 0.279918933333829 0.23944666011938293 0.08570652443708643 0.0688951343699501
0 0.29524707555667395 0.2991290730329595 0.09437183999559945 0.07493984489083683
0 0.3447267555528217 0.4640112973602645 0.06910407110634775 0.08659229890691456
0 0.19610567111004557 0.3220334279582809 0.05337543111915391 0.029859413416138403
0 0.23247815110824177 0.38098756249579196 0.043545031112929206 0.09562295076938276
0 0.19501340444613663 0.3836821924870038 0.04478293333409561 0.09576860644458784
0 0.240670151113429 0.5124053954457355 0.04070513777227866 0.0442793252610304
0 0.23386168889183964 0.460515561155425 0.03859342221791545 0.06241345682352906
0 0.16075264000230366 0.5354189921274808 0.12349895110560788 0.044133669585906365
0 0.20120291555714276 0.4734789162483478 0.037064248882234085 0.08236828432605003
0 0.03981681777578261 0.33641692588435146 0.07963363555156522 0.04420649742338756
0 0.04202325333220263 0.37574395818857315 0.08075491555242074 0.04347821904744331
0 0.12525397333213026 0.4072055840319667 0.04915200000007948 0.04347821904744342
0 0.1508494222226242 0.2610401139679399 0.04310812445150483 0.09125328051331327
0 0.014985955553129315 0.19818683720740438 0.02997191110625863 0.0552706229159432
0 0.012983466664122211 0.11585016429666034 0.025966933328244422 0.11330480447653335
0 0.036634737775764536 0.14040080098284397 0.038083697783036365 0.16633878107935518
0 0.06121073777580427 0.13854369112404064 0.035826346661067675 0.16612029756650726
0 0.08553187555323044 0.13672299518401843 0.03757397333780925 0.16626595324179316
0 0.30081763555709684 0.12051880131792558 0.04784128000545834 0.16706705945538025
0 0.2686685866676271 0.1229585338775489 0.04106922667059634 0.16655726459212217
0 0.24052451555617155 0.12507054116794075 0.03983132444942994 0.1664116089169173
0 0.2148926577789502 0.12696406494556545 0.036190435549037336 0.16612029756658808
0 0.19042588444426656 0.12882117480436878 0.037501155564354516 0.1661931254041501
0 0.006102186669078138 0.9054305609747277 0.012204373338156277 0.08157851950388506
0 0.7368140800028211 0.9352074066349405 0.03830215111374857 0.026582160724146764
0 0.8351544888845335 0.8070668263769885 0.08978431999890335 0.10021110453813864
0 0.6421145600008054 0.656531686056973 0.08293944888023863 0.08841299484685594
0 0.8916974933352322 0.6872650335243415 0.11636280888277628 0.04340539120988118
0 0.7688539022217609 0.3579375518952656 0.10092543999974934 0.06714726626757084
0 0.8449848888907581 0.2728018097403607 0.04347221332912643 0.17915648049699207
0 0.6199415466696439 0.46575916546268425 0.07689557333166397 0.036341090962640266
0 0.45653845333080323 0.29268380940527916 0.06684671999472708 0.03524867339856219
0 0.4924376177808477 0.19771630917435928 0.05053553777850334 0.0340834279969221
0 0.5808383999961532 0.20776655076318185 0.04937045333079171 0.04194883445783115
0 0.6475394844439708 0.2389004513373843 0.0780606577690276 0.04711961092748773
0 0.644663182221767 0.19334663891837056 0.07842474666734534 0.05360128847390877
0 0.6465928533321453 0.4082251737583614 0.12000369777282072 0.07712468001883122
0 0.6452457244456229 0.35273036150682785 0.11905706666616933 0.03954551581698873
0 0.6443719111072521 0.3178822412150188 0.11891143110891178 0.03583129609938218
0 0.6696773082794001 0.0827267885586691 0.05490216566249728 0.1654535771173382
0 0.6333165654912591 0.08396486179791168 0.04402884234570792 0.16792972359582337
0 0.6004395766028514 0.08534859071231893 0.04817898013732502 0.17069718142463786
0 0.5673567641009059 0.08655025003269962 0.04487644512620237 0.17310050006539923
0 0.5339694011076871 0.08797039286592828 0.049319153330806165 0.17594078573185656
0 0.5009606269033005 0.08917205218630903 0.044557821740292824 0.17834410437261805
0 0.9821908311297496 0.0879339789471068 0.035618337740500716 0.1758679578942136
0 0.9504662191495299 0.08913563826752796 0.04950653057959353 0.17827127653505592
0 0.8906030494202342 0.09161178474593235 0.09219166114926336 0.1832235694918647