0 0.12995629286807445 0.994681854814538 0.03779712259355518 0.010636290370924062
0 0.399787017941061 0.9573212482740353 0.08258971588479147 0.08535750345192938
0 0.3165255930481685 0.9727971330495956 0.06811038609594106 0.05440573390080883
0 0.1401844622205115 0.2854112284979076 0.12947000889107585 0.15643388469577924
0 0.3671938844439056 0.19572392449282666 0.24299292444354956 0.1372802014206963
0 0.45253631999819643 0.8326749280075545 0.20862293333436055 0.14747607844925692
0 0.045880320000772676 0.7187846595049259 0.09176064000154535 0.14956828134490385
0 0.22254136888724235 0.6454349291467816 0.09102222222006984 0.10144897643444528
0 0.9807480888906867 0.8530621130451919 0.03850382221862669 0.09898197290949806
0 0.8251812977768067 0.5103395585179081 0.07019633778060475 0.051926145152749514
0 0.39085966222402124 0.6667006155206643 0.09735736888315943 0.06139374525075647
0 0.8844913777791792 0.7668386934800483 0.13070791111224234 0.08440729625816235
0 0.2706739199968676 0.31060961029713635 0.0700507022233473 0.0806930839120471
0 0.9464873244468537 0.13718471524157078 0.10702535110629263 0.07657041734760284
0 0.19413027994645138 0.985250668563083 0.08604630212196046 0.02949866287383407
0 0.794743466667003 0.14387060703314064 0.06509909333868158 0.08702909320836583
0 0.9392139377745076 0.27477838531096627 0.06713799110924201 0.05753387751843364
0 0.4309458488908907 0.731517262345282 0.1660245333280828 0.04668255125234233
0 0.10872718222025368 0.9557173154346883 0.08359480889307126 0.08302357008999695
0 0.11131221333311664 0.8969817809807279 0.05701632000919844 0.043769443529884766
0 0.8853651911123759 0.6893500280627529 0.13187299554960596 0.0487217266580382
0 0.2431487999959952 0.4121678282711971 0.09102222222006981 0.09868152409811481
0 0.5065307022227595 0.6759133186929289 0.08242972444535956 0.06598188991363296
0 0.8823131621401343 0.9925334378692265 0.04873474383105836 0.014933124261546804
0 0.955306666665193 0.4296100607594303 0.07602175999846728 0.1293419828769815
0 0.9827141688877923 0.7656661633853743 0.03457166222441532 0.05150375300576693
0 0.1866786133342733 0.9297542428583137 0.09459029333665969 0.07508535154628226
0 0.8633378133332977 0.16255091030341212 0.04441884444612598 0.039181298867008274
0 0.17054947555686037 0.8769541653888431 0.06946815999431744 0.059645880617233415
0 0.11830271999869081 0.6391353336969339 0.06691953777852985 0.07967349620915887
0 0.5044553955551238 0.5760301376592873 0.07289059556399785 0.12693866900592787
0 0.9548613688908517 0.20567059783104114 0.09027726221829657 0.051864703930357026
0 0.4160182044479168 0.33599006132904385 0.19820999110945398 0.1572349893194369
0 0.8397812622237122 0.250672418907649 0.11104711111014087 0.10195877028592992
0 0.29597809777802064 0.8097706185397235 0.08133745778145063 0.08477143472335824
0 0.5039554581718726 0.9701025084063285 0.0906777074457043 0.059794983187343
0 0.016862435556120343 0.20329328242214806 0.033724871112240686 0.06386044251660006
0 0.9182060088858837 0.902589513346412 0.12371740444666812 0.09387489635608826
0 0.26055224889164996 0.725982357672621 0.10092543999974923 0.08018329006056257
0 0.8966155377785778 0.5837134592772597 0.1932583822247883 0.10050221642466084
0 0.39468259555805063 0.5863716700739748 0.10107107555700673 0.08688343782223895
0 0.018828515553226073 0.3024438639294607 0.037657031106452146 0.09538618842083946
0 0.8416745244473632 0.4251675714826807 0.1320186311068634 0.11419382272026746
0 0.9572643555545559 0.9583772498234353 0.08547128889088829 0.0832455003531295
0 0.11458901333001753 0.18170459357853558 0.13056227555498479 0.0857910224262467
0 0.03969080888976653 0.9303750018413242 0.07938161777953306 0.1392499963173518
0 0.3057356800004426 0.9232361643293565 0.07405568000136153 0.053892492865422414
0 0.1697484800022923 0.7714268381429249 0.04412757333161102 0.06503512990384852
0 0.12019598222234183 0.7829336136466278 0.08075491556276879 0.08979654554461558