0 0.06199310222226712 0.8575112663042501 0.12398620444453425 0.28497746739149976
0 0.5433801955543458 0.2773522457257459 0.24299292444354953 0.2935692476026601
0 0.337815608886174 0.5639664292882263 0.22886627555514377 0.17274776862160002
0 0.20375808000357615 0.8964322527507016 0.3200341333324711 0.2071354944985967
0 0.4007301688918637 0.8328834341934145 0.16667989333056743 0.13538705812293994
0 0.9451238399992387 0.7700693741444613 0.10975232000152269 0.08258683373394848
0 0.9386430577788916 0.8655864322229776 0.12271388444221687 0.11149296261788055
0 0.9411552711131258 0.9451602014696839 0.1176894577737484 0.10967959706063213
0 0.370984106671272 0.1606519403930558 0.39132273777698473 0.3213038807861116
0 0.05492977777806421 0.3293513632619162 0.10985955555612842 0.12475418534937399
0 0.4728925866695742 0.6647238230014871 0.18299107555713923 0.23166553625007447
0 0.9078355322385 0.02402680804310947 0.14658690446780787 0.04805361608621894
0 0.7719648028982595 0.02318928724245295 0.10451271690221298 0.0463785744849059
0 0.9382061511122932 0.06612133176286444 0.12358769777541356 0.1322426635257289
0 0.9522520177790688 0.40024931973454964 0.09065813333210027 0.07734322524283599
0 0.7889581511107584 0.6235032340302644 0.1457811911072996 0.10698417879637101
0 0.7971137422240443 0.7011013569081497 0.11563463111718497 0.1051634814037169
0 0.7430101333341251 0.7502601865116307 0.13966449777492218 0.08637388431075976
0 0.7238954666691522 0.8032060666920038 0.1544465066658126 0.11754422367418549
0 0.7049628444429901 0.8714093910234509 0.1848843377704421 0.10363409559374515
0 0.6914187377784401 0.9057841577980402 0.18328234666130605 0.09970138922551186
0 0.6781294933365036 0.9393578177198488 0.1842289777783056 0.10203188188818357
0 0.6166368004814204 0.9793832259631647 0.11964344985576136 0.04123354807367052
0 0.6642577066655375 0.9615768054623264 0.18459306666627529 0.07684638907534713
0 0.21861290666792127 0.7355853655262854 0.14818417777617773 0.22511102563624463
0 0.3820330946499275 0.9536385648300277 0.13125626403424479 0.09272287033994453
0 0.3619547022196154 0.6689478409526048 0.10485760000430877 0.09693392918857402
0 0.9903800888866601 0.7160439923105684 0.01923982222667997 0.04134041119843512
0 0.8313016888892486 0.4328762170121554 0.05424924445235069 0.06816691038357137
0 0.8739364977770796 0.3989748315596675 0.08971150222544877 0.10159491451391744
0 0.9158795377808726 0.36321633476660925 0.048933546669367334 0.04945014118636559
0 0.8784876088870482 0.6622840884952692 0.059492124441183236 0.05957321868983312
0 0.8836576711076001 0.7082020767397514 0.06619136000259063 0.04843055064641133
0 0.8952356977802184 0.7371147513361762 0.06837589333040839 0.05396547072028701
0 0.8744462222223066 0.8422418187920174 0.03597198222867315 0.038307473142943804
0 0.954917831113562 0.8077262224605564 0.09016433777287602 0.06466151892042282
0 0.8243111822236744 0.8717007026062545 0.08366762666652605 0.0640157203281646
0 0.8284043460670445 0.9721368503401004 0.1327775454769532 0.05572629931979911
0 0.18417009778010351 0.3943502601821594 0.17862200889115534 0.1363338207670618
0 0.37968583111133836 0.32946060510546255 0.07187114666319555 0.05607747969586596
0 0.3876957866673668 0.44558468481338426 0.11294037333379192 0.09839048710271359
0 0.33082510222059985 0.3826249689730091 0.10653240888689952 0.11754422367426631
0 0.22003285333307254 0.20241234104129252 0.21044337778455682 0.24477455747773413
0 0.1965127111102144 0.2738565067317384 0.2574836622302731 0.22365446772210518