0 0.9630337422247977 0.04211692029956826 0.07393251555040481 0.07729115217220373
0 0.9640531911100778 0.11385002419766133 0.07189361777984438 0.06622574276382998
0 0.13266177028417586 0.013544232678011303 0.10584346387121411 0.027088465356022606
0 0.3977016888869306 0.9144578426696989 0.07485667556110359 0.13888246563560447
0 0.16322844444463652 0.3427602258686434 0.22020096000697878 0.09343796717905084
0 0.8583469511113233 0.48644932114870665 0.11942115556448707 0.09300100084772556
0 0.5892852622239539 0.24269493599802522 0.10893539555577758 0.11863635895142444
0 0.8001291377780338 0.38598347880772693 0.04536547555277748 0.09919135720804817
0 0.4077536441230526 0.9902745001403768 0.08476609712880517 0.019450999719246465
0 0.5866638222191897 0.3805942273881676 0.11053738666491375 0.10356102052122185
0 0.4802406399976462 0.7069352491570151 0.08425016888520781 0.12264188365511985
0 0.4713932800003224 0.26971402081754764 0.09189603556361459 0.06823957540667747
0 0.7202480355536358 0.8538287642000507 0.09560974222711383 0.08928678703158033
0 0.2871643022220168 0.48433731721404777 0.0786432000084056 0.06488950019992978
0 0.6986211555544287 0.24138403700408928 0.10929948444374737 0.11688849362620357
0 0.5863150351215154 0.03411806411066526 0.1024968275282947 0.06823612822133052
0 0.4572302222251892 0.12879237896913148 0.10143516444497636 0.08673781676563663
0 0.3137063822243363 0.8753129421562387 0.09459029333665969 0.07442993176691926
0 0.23062129777649212 0.1289744482738706 0.0810461866669357 0.10414364229624162
0 0.2873463466660016 0.7271085281192671 0.08614343110885883 0.1650276177924761
0 0.8797189688879168 0.5805427378247456 0.08250254221881426 0.08717478309696192
0 0.3847401244462364 0.5009420378039299 0.08301226666404143 0.05644148446129438
0 0.7296051200013607 0.9404937532437593 0.09510001777153876 0.08360622472459212
0 0.6848585955591666 0.4032072350335928 0.07769656889140608 0.10436212546186385
0 0.37913315555391214 0.6394967786910605 0.0889833244495094 0.21003514991778505
0 0.8995730488871534 0.843147374016109 0.2008539022256931 0.13657623639063243
0 0.11768092444270022 0.14663517083106198 0.14235875555831526 0.1359693567601824
0 0.17287680000170236 0.5173646890891133 0.1406111288919217 0.06175790815888538
0 0.49724359111343 0.9062283100966049 0.08665315555408598 0.18126819977296071
0 0.6074532977771014 0.488160772613004 0.06400682666442459 0.05330989242016926
0 0.7153692444424249 0.48528407759854586 0.1427956622197396 0.051052233041694706
0 0.11061760000367131 0.699106269054323 0.08104618666693567 0.2791486579871133
0 0.010070755555190974 0.5401680979680891 0.020141511110381947 0.08580772023876126
0 0.007631359999585483 0.7379422282027409 0.015262719999170966 0.10731280110414931
0 0.01320192000000841 0.6371928238260662 0.02640384000001682 0.08497018818922297
0 0.008650808890039722 0.4411171973477197 0.017301617780079444 0.10094548867869912
0 0.12809801131176451 0.9609249282205328 0.10246290261339812 0.07815014355893457
0 0.3162914133320252 0.9506896343076965 0.08679879111134348 0.07268206644169828
0 0.00923335110872156 0.2863310222978174 0.01846670221744312 0.05446799057315821
0 0.015113506698980927 0.0316783354274921 0.030227013397961855 0.0633566708549842
0 0.9545781102859312 0.9735605379676835 0.06226413169254863 0.052878924064633015
0 0.989175324442072 0.9721382891771887 0.021649351115855864 0.055723421645622606
0 0.662103039998975 0.9341577414397424 0.036845795561869954 0.10093922253326915
0 0.8741531177113453 0.9701376350390483 0.08695384431630371 0.059724729921903474
0 0.596057315558816 0.9620901717706936 0.09641073777650788 0.075819656458613
0 0.4586433761494441 0.04118235313355795 0.10457991437158654 0.0823647062671159
0 0.3693755733314902 0.22423310850007055 0.08942023111093372 0.09336513945720382
0 0.16821646222120357 0.43211984062215186 0.14934926222388945 0.08746609398451233
0 0.8704711111107221 0.10829137525832472 0.09837681778396168 0.09511300478242479
0 0.586991502220432 0.5731143101924151 0.11425109333876105 0.10305122646796838
0 0.7217772088893172 0.6264606164735482 0.14046549332431613 0.2248920051823653
0 0.898651591114079 0.6902577008452454 0.10434787555908165 0.13414866371303336
0 0.9614317511104875 0.550135877462647 0.07713649777902498 0.10778760134034948
0 0.8387589688878507 0.2256896629377816 0.09408056888108451 0.1289050677372896
0 0.952620799999891 0.22751035598489022 0.09475840000021785 0.13880963791375733
0 0.7576520667825308 0.042529665988457865 0.08240551977521848 0.08505933197691573
0 0.6764922916164828 0.042493252127493886 0.06704969232281044 0.08498650425498777
0 0.46826211555550495 0.20384134637211537 0.09670200888067482 0.06088397549623448
0 0.37647530666759443 0.14135516099435425 0.05177343999966977 0.06234052993398598
0 0.37498254221864047 0.06393929263008485 0.0556327822204265 0.08054746040531391
0 0.3717208439691199 0.009502294113392373 0.06608833873437514 0.019004588226784747
0 0.20677347555239167 0.2670922228296758 0.044418844446125955 0.04085635197775761
0 0.2302207999966211 0.2143649521845264 0.07281777778019508 0.05498493002354288
0 0.973628728888515 0.6783566969291648 0.052742542222970035 0.1452786479371606
0 0.9721611377783119 0.3764430472406971 0.052720071106321265 0.09686087010772648
0 0.8849982577789989 0.3847818213965617 0.11476081777364011 0.09139879096627967
0 0.7517053155590676 0.4003669538800583 0.049297635557337016 0.10654695711849116
0 0.48533788444474335 0.3781544987049945 0.07682275554786128 0.11281014120066102
0 0.5829865244475918 0.6762747782431947 0.1015808000022339 0.09802611365784686
0 0.4848645688914176 0.6152087334422615 0.07514794666527042 0.050323955822899835
0 0.28709148444338806 0.5756632804584398 0.07616739555572472 0.10625564623085992
0 0.20287772443973356 0.7295118429415166 0.06590008888807561 0.16633851678637157
0 0.19923683555486302 0.5974023554412546 0.0918232177798119 0.08870416525656066
0 0.5625247288909223 0.839845841598 0.04784127999511034 0.06321446259663688
0 0.2270532266702503 0.9423872740127958 0.08206563555738991 0.1077850283905395
0 0.6863657100695288 0.993697403069012 0.02216530457759902 0.012605193861976116