0 0.1244558222229696 0.312893534339429 0.06582727110427286 0.06459829195160438
0 0.14881336889229715 0.18642799434629415 0.20964238222481474 0.10909610072540199
0 0.2096162133332756 0.0878191022353298 0.12968846222178804 0.08593684836853244
0 0.19228558222142356 0.2752779562188055 0.12531939555580415 0.11448536070782567
0 0.09037710222312147 0.10467874663984528 0.09611946667234103 0.08397049675322432
0 0.3115611022234791 0.27629754594520023 0.08774542222834297 0.11579626178467073
0 0.18579274563946657 0.9712633021568851 0.10723647793961896 0.05747339568622989
0 0.17936042666745683 0.8982836929715207 0.18320952888785136 0.09314680429089761
0 0.6209428349768535 0.9713361299944876 0.07241167884526989 0.05732774001102492
0 0.11218602666631342 0.7601292850435271 0.030801919992599236 0.01391011698171496
0 0.40149105777963995 0.8459204777368141 0.1187657955620024 0.08965106808613899
0 0.2933894837792549 0.9808401628013519 0.09509285199973316 0.03831967439729622
0 0.21289301333017646 0.7699246292008015 0.03531662222618856 0.023741875057770367
0 0.170112568890262 0.7271018606917403 0.09539128888605371 0.07544963975401398
0 0.28909681777780255 0.9308741502976925 0.09641073778685597 0.06510808681478142
0 0.36378575439254446 0.9534568958635774 0.04655917100608348 0.09308620827284508
0 0.6928349866687009 0.7313258752725644 0.108862577782323 0.09802626941014425
0 0.3730921244455708 0.7202196300385257 0.13697024000187713 0.16684857594253222
0 0.7296807822253969 0.8120555332526187 0.10493041777776346 0.05294583793552665
0 0.47121407999657094 0.6608649423941806 0.1114111999981105 0.13669785117590294
0 0.84254833778056 0.6703325612822639 0.05322979555154839 0.06372435790037434
0 0.8434949688872115 0.5357103034778504 0.07958983111505713 0.06831251166921093
0 0.7624123733335485 0.5661159256760684 0.0782062933366332 0.1321825252447093
0 0.5697729422245175 0.6516158070189453 0.08425016888520775 0.11965613717748236
0 0.6662929066715555 0.5824293612985447 0.12218823111098676 0.11776261339981708
0 0.6979322311106242 0.4203874226376566 0.08337635556235912 0.09722516319655705
0 0.6252964977795878 0.4460956493105734 0.07281777778019516 0.11339294314390946
0 0.5540078933350743 0.4701288357186729 0.0862162488823136 0.11717999069907803
0 0.6973860977786697 0.3503998707036285 0.1051488711084756 0.09023369078687826
0 0.6049439288882745 0.3589935555404817 0.08497834667149518 0.07785295839485629
0 0.4850130488889085 0.23212746244055327 0.049734542229109335 0.058335097917869616
0 0.5354757688887831 0.22961490204332746 0.060365937784728096 0.0833150462148422
0 0.6043977955563201 0.24683868563585543 0.08184718222667775 0.13931965332959328
0 0.8335189333340773 0.3187561752662489 0.06604572444533308 0.05127079767062859
0 0.9670583466688791 0.19156235689712936 0.06588330666224163 0.10319704587972012
0 0.6751766755556067 0.20037452524679017 0.08330353777855626 0.10363401290533514
0 0.936656924445803 0.07543836984326752 0.1266861511083941 0.0871020937700916
0 0.7740632177744475 0.15117932094769154 0.13005255110975777 0.05942751548194758
0 0.7517081599993011 0.07733189362089227 0.12976127999524278 0.10997003477663203
0 0.5190594054965509 0.007240734885874067 0.07295532234840924 0.014481469771748134
0 0.6355230223697921 0.014742002158689704 0.07945294191853869 0.02948400431737941
0 0.18172700444443357 0.5311949775466568 0.19638954665925767 0.21134638471632994
0 0.013330773331431879 0.9278457316619505 0.026661546662863758 0.07655418406877001
0 0.008524799998849631 0.9863653834639767 0.017049599997699262 0.02726923307204654
0 0.006194631108600232 0.43367029664722334 0.012389262217200464 0.10135993723476533
0 0.013549226667318079 0.34851443446749847 0.027098453334636157 0.06388618865856877
0 0.9577824711127 0.6939651945835699 0.08039082666445108 0.08477160296689223
0 0.9396424533333629 0.7811382305338075 0.12071509333327413 0.09467241756567735
0 0.9274454755553354 0.8428981224764112 0.14510904888932907 0.10749388829814677
0 0.9717550933309314 0.5205545750130536 0.056489813338137296 0.09626332481984357
0 0.9715002311134917 0.6087930385098841 0.05699953777301647 0.07115279733558744
0 0.992435342223487 0.6910355333255891 0.015129315553026101 0.11372398682387785
0 0.6926647092991819 0.9715910274260762 0.06672461859674916 0.05681794514784777
0 0.8363588266643799 0.9670757014948824 0.08803669333250985 0.06584859701023515
0 0.3115246933367517 0.8619426020089208 0.069322524447408 0.068676650857183
0 0.4749277866652442 0.952686087659057 0.058982399995956114 0.0446434644490834
0 0.784075662224657 0.8673682759101662 0.03167573333614404 0.05826227008038842
0 0.7502153955555211 0.9710387027343632 0.04288967112079267 0.05716985251631035
0 0.39504668444602026 0.9459130987621855 0.03160291556268935 0.07217238706202245
0 0.44587349333386456 0.9057849602443767 0.07660430221714909 0.05367411631155172
0 0.9249870566289045 0.9768346317333354 0.08597980674563177 0.04633073653332931
0 0.6278451200005495 0.8553880966248973 0.04966172444530659 0.0884858226844989
0 0.5364934626759754 0.9770531152461428 0.05002230312675238 0.04589376950771429
0 0.5246623288891795 0.9006870116123225 0.07485667555075554 0.10800368316140474
0 0.29852671999898217 0.15769741241293395 0.061239751117924845 0.08440746377892017
0 0.9293228907769339 0.022498166863134328 0.12755240511356125 0.044996333726268656
0 0.0799046366682483 0.007167907048271527 0.08225750000112586 0.014335814096543054
0 0.4248655644452406 0.15485712674651703 0.08133745777110263 0.06561788167795857
0 0.9451401955551572 0.3190474866166589 0.10971960888968568 0.08156717811246283
0 0.09194268444553017 0.377965207235389 0.04318094222495954 0.03932703230422174
0 0.3221924977739238 0.05992604043437827 0.0915319466652969 0.08171283378758709
0 0.40844515555331273 0.45414312536538765 0.05592405333494149 0.06132103925953192
0 0.014022542220643825 0.8666320500394932 0.02804508444128765 0.04618874402791051
0 0.9473331200010661 0.9450027507921746 0.07624021332917952 0.06612767654113572
0 0.019338239998453192 0.8058547901096467 0.038676479996906384 0.04335331726624114
0 0.12358200888977283 0.4509022865921771 0.09102222223041785 0.0376519920394045
0 0.47004899555403323 0.7678490358291907 0.06233201778183378 0.06110255574676493
0 0.34906225777748556 0.5622560502832162 0.03211263999756836 0.031097486655421447
0 0.891154204443511 0.9323671209685236 0.06174947555280397 0.06518091465234344
0 0.9131451733358619 0.2163602356000755 0.06087566221960716 0.04296842418426616
0 0.8738599822235604 0.8767630669606066 0.068230257783499 0.05797095872997826
0 0.9470418488917252 0.9000679749927214 0.0899299555561609 0.06001013818276768
0 0.6860629333338389 0.28026666309443576 0.08090055112002625 0.06357870222516915
0 0.4248291555533392 0.2517545646738831 0.06844871111421119 0.1319640417319422
0 0.6451393422205001 0.11323601755787704 0.03604480000212795 0.05840792575559339
0 0.793942471112435 0.25954714329710876 0.11869297777819965 0.07821709758290918
0 0.18209109333757725 0.020422573491523488 0.06604572444533308 0.040845146983046976
0 0.34414705777437327 0.38987255868305526 0.0646621866669092 0.08746623295806377
0 0.08021902222600248 0.03662113240222292 0.07740529777689112 0.05301866577308878
0 0.641352817778372 0.053444362887916874 0.09721173333625 0.06117538358432695
0 0.36675697778248123 0.15584030255413067 0.0358991644448704 0.06365153006273128
0 0.5585954133317703 0.8097614563682407 0.05344824888226063 0.04151186743221602
0 0.361951004444725 0.47111201152628657 0.05949212445153129 0.08054758838602782
0 0.7778497422217495 0.36674972024492636 0.06233201778183384 0.1356054336119059
0 0.5981354666666852 0.7504067687238956 0.10806158222258089 0.09788061373493917
0 0.01493276444574197 0.7435896450758259 0.02986552889148394 0.06909817621796366
0 0.4167827911105835 0.08068197415052675 0.09109504000387258 0.06510808681478142
0 0.5246623288891796 0.7577987942403277 0.06029311999057729 0.06008296602032981
0 0.4226810311122487 0.025119969016743682 0.06793898665863607 0.050239938033487364
0 0.8981811200009866 0.16771124008297544 0.048715093328307146 0.039618343654631794
0 0.4230451200002183 0.3687160718601132 0.11949397332759365 0.10982437910142695
0 0.018646471109241246 0.5199638494951405 0.03729294221848249 0.06915516359833385
0 0.27081955555412507 0.7294323514949397 0.07296341332710449 0.14084903791920544
0 0.46673578667040505 0.44802558700697914 0.08701724444205566 0.13356625415919732
0 0.18769806222472754 0.3818250826282006 0.13332935111183258 0.07719750785639334
0 0.5386069333336005 0.1212470796939506 0.10216334223126372 0.07836275325803344
0 0.779087644442916 0.6519799462069173 0.06000184888641036 0.05629591846516124
0 0.8424027022233026 0.6027119140702567 0.07230805333496804 0.06146669493473689
0 0.8393443555571138 0.7224044651665605 0.03910314666314252 0.032699699082595624
0 0.8160426666649678 0.7936665042585314 0.049152000000079465 0.06423415276355138
0 0.7754831644447727 0.7296872489265687 0.050753991109215635 0.06008296602032981
0 0.7108209777778636 0.6229216390043661 0.05934648889427385 0.04173035094498312
0 0.7274234311086022 0.8830626749130415 0.08279381333332925 0.08834016700937475
0 0.9819495822199517 0.44716289098381723 0.03610083556009669 0.05697384505959868
0 0.925414968887344 0.2594743154595063 0.07449258666278591 0.03947268797942671
0 0.7646697244451692 0.202632188212387 0.07718684444617885 0.05367411631147079
0 0.8303149511106311 0.3693715223985357 0.05424924445235069 0.0524360430723495
0 0.5344199111116015 0.299092659114138 0.09713891555244725 0.06496243113957634
0 0.5226962488868998 0.3454475777467793 0.06102129777686466 0.03721502501378937
0 0.5234244266680131 0.3893991777386591 0.05272007111666932 0.05811661440518334
0 0.5268468622221715 0.05369926031954586 0.11330446222176155 0.07610509029247692