0 0.46046016412373214 0.127952353487086 0.2250016628557609 0.255904706974172
0 0.48740010666660966 0.37607083104899447 0.17301504000400503 0.15658010106727616
0 0.27229639111190207 0.700992747751958 0.21204536889369288 0.10261458716451766
0 0.16874951111256248 0.8225790169295037 0.31661169778348675 0.20115080890585268
0 0.17752405333125756 0.5921513705217871 0.08235690667190487 0.10632881281772555
0 0.7340703288869311 0.6625031740710206 0.21779797332775264 0.2288254314200464
0 0.9684521244424913 0.9088355807803226 0.06309575111501742 0.11192026998627802
0 0.9932829866651446 0.7887716154952082 0.01343402666971083 0.02692832151393887
0 0.6504391111071325 0.8725450369448605 0.3798175288881693 0.25490992611027896
0 0.9364851200021803 0.7220764404305642 0.12702975999563937 0.16517379963740086
0 0.9848361244425178 0.47034926037779606 0.03032775111496444 0.06867147481650548
0 0.8083444622190048 0.5345080449428342 0.12910592000310617 0.134367575101894
0 0.3329171911140697 0.6150557620499838 0.2100792888862391 0.12621084425560958
0 0.18093112888745963 0.1547166265764643 0.36186225777491926 0.3094332531529286
0 0.9361210311090367 0.32931528459077214 0.12775793778192668 0.130653349448686
0 0.09782915609474811 0.012010250743339002 0.0911595366998679 0.024020501486678003
0 0.17213553777999346 0.43695500058026104 0.04536547555277745 0.043114148759001214
0 0.5324002780071977 0.9830250431397556 0.0708150918388532 0.033949913720488833
0 0.87358919110977 0.6551111367415778 0.09094940444661515 0.09023383498707682
0 0.9817049599977004 0.8308230491063806 0.0365900800045994 0.06135008400827757
0 0.8238546488858345 0.7882406366256953 0.193622471112758 0.19015378785420245
0 0.18976205855918427 0.9804396507732831 0.08627982953977253 0.0391206984534338
0 0.015671182222043476 0.02992682343667047 0.03134236444408695 0.05985364687334094
0 0.05149752888828516 0.3077676663526174 0.10299505777657032 0.14975318567528506
0 0.162523591114829 0.2640978517974296 0.08992995555616087 0.10625598486377918
0 0.21637233777696058 0.3401666497344891 0.20097706666630175 0.08142165255495126
0 0.07932928000162874 0.4186023561761009 0.11374136889353395 0.03350085883297982
0 0.021059697778481577 0.5171994052975237 0.04211939555696315 0.15655609991939734
0 0.3023337244470086 0.3950425130620226 0.16027192889402309 0.10028409263701932
0 0.4170945422206488 0.5045757558550887 0.14818417777617776 0.061102653393146245
0 0.993319395557046 0.1375407047114064 0.013361208885908082 0.027968878006982778
0 0.9488641422241926 0.9509443294094586 0.10227171555161474 0.09811134118108267
0 0.9008896781907727 0.9686779362047508 0.09574301860605672 0.06264412759049842
0 0.8471136617629478 0.9874311343558184 0.05049117734241826 0.025137731288363163