0 0.05689116444231735 0.10963152265673065 0.08162872888561752 0.10946050267924912
0 0.04792300693483816 0.018747688173425092 0.08820547057936588 0.037495376346850184
0 0.16284103111053505 0.03782862742953169 0.13536824888239304 0.07565725485906338
0 0.43812864000081186 0.05679479964024692 0.09786709332838656 0.0576797858428999
0 0.5888424595041821 0.007823486309200933 0.044179493116421886 0.015646972618401866
0 0.6817041066682172 0.09652248041968586 0.12626602666245568 0.12868709796021582
0 0.9911843555565509 0.04747714856223911 0.017631288886898133 0.04369131026639905
0 0.2640600775471992 0.00512884984937001 0.028601577712429882 0.01025769969874002
0 0.8352894812615381 0.00818762637135112 0.04934509081972971 0.01637525274270224
0 0.5611906844449954 0.048310336192368686 0.09014840888687303 0.0474110360905462
0 0.550996195555975 0.08235743200246604 0.10485760000430877 0.04821214422731712
0 0.9134830933322923 0.09320880585421976 0.08767260444454017 0.08608271068989093
0 0.44997316004915366 0.019366726279060276 0.08645796455028981 0.03873345255812055
0 0.43088327110745017 0.10497052986132888 0.09327957333169051 0.05833523795481088
0 0.5601712355545412 0.019761755320638896 0.07587612444120972 0.0373607703755231
0 0.6234274952672422 0.022498330813431056 0.05107330164561663 0.04499666162686211
0 0.6484627911096645 0.02854305584496336 0.05468615111377506 0.05708611168992672
0 0.6669585066692283 0.04736357203081848 0.07128860444451379 0.08324241820515954
0 0.7827387733333226 0.09546647423947036 0.05177343999966977 0.0547666653457789