0 0.8177080888922016 0.6075211855046952 0.11432391111221585 0.19430451613100286
0 0.937471431110882 0.5652424858443794 0.1250571377782358 0.13422594504824248
0 0.9751182222221461 0.07002831682582716 0.049763555555707883 0.05568813324630739
0 0.9471926044465767 0.8098922647951269 0.10561479110684657 0.0861170763227388
0 0.8530975288918449 0.8526594918378911 0.07951701333125438 0.04529887894808937
0 0.957787591110294 0.3253135393249447 0.08442481777941191 0.16473643758936884
0 0.952799573333727 0.15715548421702147 0.094400853332546 0.10894778211946321
0 0.9558215111131884 0.9227854639067028 0.08835697777362328 0.1373675519235813
0 0.9493222777059095 0.022062741030206612 0.10135544458818102 0.044125482060413224
0 0.9429910755561044 0.6934579655026665 0.10784312889186864 0.13633360352223622
0 0.7949889422239115 0.3657693709256933 0.08971150222544866 0.10902318614998419
0 0.026269440001083746 0.7248814287677292 0.05253888000216749 0.0817821492416011
0 0.8060208355542272 0.17954873833686197 0.14862108444795008 0.10436220825173625
0 0.6450444884546516 0.9679508219942157 0.06609324358610646 0.06409835601156855
0 0.785476270913043 0.06266422819027795 0.14864098705972228 0.1253284563805559
0 0.8860475733358827 0.35936052631565296 0.07638584888643685 0.13713470909839032
0 0.017349262219957178 0.5961062844933964 0.034698524439914356 0.15428735810880267
0 0.8137031111141874 0.265521932224684 0.13908195555624037 0.0812758020997637
0 0.8742875022192795 0.9631392335810223 0.0610212977768646 0.03539430091446405
0 0.8727947377754997 0.9271258965394971 0.06400682666442459 0.03619540649069897
0 0.8693723022213413 0.8895467622353126 0.06007466665986516 0.03546712869408497
0 0.9316315022193724 0.07897357462739663 0.044928568891353104 0.062122096049344266
0 0.8471628799982782 0.8068872323220231 0.05177343999966977 0.04799350679552028
0 0.8912540444431619 0.7521935697978572 0.04369066667018662 0.03444753977882564
0 0.888669013330299 0.7174183050105757 0.04055950222536919 0.027820211829922448
0 0.824516551113791 0.7391573972388732 0.0718711466631956 0.061830784930779537
0 0.5018245688898282 0.7844926900768134 0.11359573332592848 0.22707701697765703
0 0.665955839999434 0.8930789095487888 0.045001386664807796 0.07180819074402589
0 0.615747982222173 0.8200690604403703 0.1328924444400602 0.09533156357404748
0 0.6061724444489098 0.7524120531368415 0.12743111111016736 0.07697896309986296
0 0.6368287288894257 0.6621056063593487 0.06568163554701545 0.11295588625161812
0 0.580394951109257 0.6729569455285721 0.08155591111216276 0.1155776863193474
0 0.36572814222632183 0.7667955396195814 0.1778210133314133 0.13152697006474645
0 0.385862257781749 0.9430023525052347 0.13609642666868038 0.07464847415069864
0 0.3830587733329998 0.8674799449985591 0.17301503999365697 0.11703424191249423
0 0.23108807111469407 0.8865244093794257 0.14869390222140483 0.20843310538490778
0 0.6054806755545239 0.4561850593726983 0.09211448888397877 0.12540943657335168
0 0.5559281777797473 0.47431917650785826 0.09611946667234106 0.13196393674263396
0 0.5034629688908656 0.48626293237200235 0.10289151999685497 0.1525013706065792
0 0.4475025066640228 0.5033046328122415 0.11912988443962402 0.1677952043349854
0 0.3569536000024527 0.32891851441808234 0.07755093333414859 0.08906837452332994
0 0.3720632888842374 0.39988918569606285 0.11519772444541254 0.09482176911645823
0 0.39216099555811124 0.531052016862462 0.11213937777404986 0.15949283745382992
0 0.33175864888665574 0.5751492374461586 0.10303715555411247 0.12591923103094083
0 0.24925610666784148 0.6275488249110108 0.14599964443801175 0.12424419209868853
0 0.1276504177807106 0.6128011995300044 0.06968661333537764 0.16218746530126082
0 0.2822061511118793 0.47705021824509963 0.08534243554911683 0.10640138608225502
0 0.23520227555289036 0.3731978044509527 0.13056227555498479 0.11907341974293228
0 0.12648533333299888 0.3845225241879144 0.09764863999767437 0.11535920298032265
0 0.16114659555670288 0.48047312388906355 0.14352384000602697 0.09664246360787165
0 0.16456903111086124 0.27273188241095925 0.2646926222265594 0.11594182521761387
0 0.20199736888623898 0.1816607439469613 0.1666798933305674 0.1616048430639696
0 0.07456625777607162 0.14896107087992816 0.11643562666657897 0.15301116506416856
0 0.07808382899189989 0.04045175539416118 0.13998395090715754 0.08090351078832236
0 0.2160512000011901 0.032946417882693424 0.10696931555867195 0.0648895516763962
0 0.3374384355576088 0.049591641741402515 0.11905706666616928 0.09918328348280503
0 0.3760318577755243 0.15493294881200026 0.12706702222219773 0.08265952991328951
0 0.5148953599958784 0.37640222675593243 0.16347591111229526 0.07027880737125802
0 0.5268374755564663 0.31082081117273286 0.12400867556118306 0.07836269091338899
0 0.499021084441079 0.2326766035983281 0.16799061333553655 0.0901607912182103
0 0.5198833777776195 0.14426367909195065 0.11490645334124566 0.10501765826872911
0 0.4912295822209368 0.06688416320392976 0.1601262933367656 0.051489240219185994
0 0.48333475541633864 0.02180784380141193 0.14751701360154484 0.04361568760282386
0 0.03417016888658206 0.9504357409861574 0.06834033777316412 0.0991285180276853
0 0.027179662221007875 0.8509956941614353 0.05435932444201575 0.1009617851192035