0 0.9266248533347001 0.7742017003831666 0.14675029333059986 0.19099290226505317
0 0.6038124088870569 0.8552054060555676 0.15400959999404018 0.1951786825784413
0 0.6983662933318151 0.9556778456150871 0.4520527644496825 0.08864430876982587
0 0.04763022222452693 0.30914206203585226 0.06386119110716713 0.06612770290339176
0 0.18323424066313437 0.012411035348872168 0.11101247866948447 0.024822070697744336
0 0.29247999999982616 0.44700521357347317 0.10529450667608117 0.2174640097683579
0 0.28381468444131314 0.12244782592026271 0.2305410844480826 0.09897307075530137
0 0.06126165333100491 0.9450085631532414 0.12252330666200982 0.10998287369351711
0 0.03570261333241231 0.7355382217229505 0.07140522666482461 0.10324791597991922
0 0.049173902223507565 0.8488481037253013 0.09834780444701513 0.1017708016876745
0 0.2836326400025023 0.8485780701919093 0.09269703111300864 0.14711229060008812
0 0.5916675910871062 0.13071990469535938 0.07751943115144977 0.26143980939071876
0 0.7510135466698558 0.3187917543647963 0.3330685155569679 0.14310675793523886
0 0.7800741390221648 0.057709968395063815 0.2547039886315664 0.11541993679012763
0 0.7349208177739961 0.13690415744705015 0.10442069333253634 0.1708541751228022
0 0.6776132266658048 0.3683875315423805 0.08505116444494987 0.06503528490389476
0 0.35681450667066705 0.71293616858658 0.2237690311132206 0.10989725075027135
0 0.528227555555188 0.7257174591807839 0.11760071110394271 0.05170778530998277
0 0.6121500444443275 0.3875412604670778 0.040341048884309005 0.05265454757620813
0 0.47317731555344333 0.8126739319414565 0.09692046222173506 0.12482696341025235
0 0.5477791288919334 0.5968849631057227 0.06640981333330276 0.06277762103822448
0 0.4400088177786933 0.6157473805638768 0.08228408888810207 0.07035171916818883
0 0.36890225777816443 0.25510378499360375 0.20541895110574032 0.09205442342509973
0 0.5177053866649254 0.2464008549308851 0.10689649777486926 0.10494495581919672
0 0.3944248888900297 0.4180925505198982 0.1259747555582888 0.20260712497497224
0 0.03901582222121457 0.2128596562364462 0.07803164444242915 0.09743575333672871
0 0.3815725511095176 0.9040000767001577 0.08002673777648145 0.08418901382859201
0 0.45300679111128883 0.13555684191434797 0.1149792711043523 0.14383503660159713
0 0.5341986133354819 0.8092146082763558 0.057598862227880354 0.10072093955448036
0 0.4007964444450206 0.035679538738352334 0.1328924444400602 0.07135907747670467
0 0.16439352888717418 0.031522234428038476 0.08985713777235813 0.032772539985152616
0 0.27828053333279157 0.045213873355169965 0.12757674666742486 0.08535425969468446
0 0.9209450666689211 0.5592693699893887 0.15810986666215787 0.17500536352092322
0 0.7887695644464758 0.5683000254519889 0.20367132443934677 0.194231920312135
0 0.7715117511132525 0.7022304721913963 0.15866993777453897 0.16204200326006912
0 0.8436013511123344 0.4196219357192102 0.10580423111096027 0.11361147194865817
0 0.734010595554072 0.7969795266819004 0.25915847111286383 0.26691413121258956
0 0.44602589752628574 0.9835345046025031 0.08077343705420698 0.03293099079499373
0 0.02623630222450528 0.13685425929013711 0.05247260444901056 0.037625038602401184
0 0.024343040000854268 0.10367201280916871 0.048686080001708536 0.04044701894247993
0 0.02226773333321843 0.06981486799759373 0.04453546666643686 0.03798649782325336
0 0.020338062222840056 0.03811877452585555 0.04067612444568011 0.03518709591900748
0 0.01851761777781778 0.012472216218458065 0.03703523555563556 0.02494443243691613
0 0.008614399998138348 0.3113246821722721 0.017228799996276696 0.06379277944605855
0 0.3488045511094646 0.9627785626118984 0.1302710044404699 0.07444287477620315
0 0.9572083200017611 0.27433973520641675 0.08558335999647781 0.06334145712827066
0 0.8724371911130018 0.197496942486321 0.08395889778104093 0.10793089835114444
0 0.7381612088893437 0.43356847217958727 0.07478385777730079 0.07828995663129201
0 0.7817426488890002 0.4446018939745716 0.05475896889757781 0.07748885009833839
0 0.6961453511120959 0.5652412550533649 0.09852245333087106 0.09853610355548637
0 0.8782262044441369 0.9316382520876662 0.08315790223164687 0.06955061263515439
0 0.9032755199975024 0.9137954247624138 0.06946816000466549 0.06984192410169765
0 0.6155360711065845 0.48181693382438845 0.036772977778067095 0.036413933316863045
0 0.6152083911105162 0.5484908457276094 0.039612871118717696 0.043623892113607954
0 0.35655964444287946 0.624231827026688 0.09378929777691764 0.07158979290095757
0 0.22519637333332665 0.8125282762082253 0.02519495111579695 0.028257212253892883
0 0.21824227555447984 0.7770975190908853 0.018714168885101884 0.03663241691673014
0 0.13908935111119514 0.1446967391768817 0.026724124441130287 0.02694631065444797
0 0.49150090402302643 0.005783699485213956 0.057069303064296695 0.011567398970427911
0 0.22781781333291695 0.23744302733492073 0.08796387555905513 0.1441263480681405
0 0.922754275555619 0.3664940070098894 0.09517283556568956 0.07901823529756957
0 0.8732745955594712 0.3937316291309211 0.06830307555695381 0.07625077636556976
0 0.9574519466660503 0.41350439492196234 0.0728177777698471 0.06423417837094103
0 0.9499629511135734 0.4743975200384312 0.10007409777285325 0.12382543049874106