0 0.215663195344516 0.9688256464734393 0.2617351595622798 0.062348707053121566
0 0.3796923733316362 0.33864304301611725 0.10667804444415707 0.06073834412668533
0 0.9755285333324637 0.5019400940058727 0.04894293333507249 0.11911173261938479
0 0.6335351466666908 0.5472581350436293 0.10609550222547515 0.20093176432327486
0 0.748555520000971 0.9268768620406048 0.5028889599980579 0.14624627591879036
0 0.5545278577754895 0.5636807928380909 0.09342520888894801 0.2132396542002617
0 0.6978332444404562 0.19571858216637056 0.0881823288897674 0.05848068385336569
0 0.970758968886609 0.08030498506710976 0.058482062226782205 0.14408934305358556
0 0.9841938488909767 0.3965899426054753 0.03161230221804645 0.07608015180207373
0 0.6851993599958304 0.26556039513700763 0.10019726222380998 0.08353343011186054
0 0.8565760000039719 0.3023019953911044 0.17308785777745983 0.15526876460213057
0 0.9697759288880561 0.2601948734862388 0.060448142223887946 0.1928732479308808
0 0.8729599999988245 0.5282500920975177 0.16653425778365794 0.13757162116946153
0 0.5357772799984862 0.37815209779880865 0.17694719999821656 0.15330241533182498
0 0.21548828444340162 0.49915540567230154 0.1582330311131146 0.07559520528000618
0 0.3551891911102252 0.6214331991840423 0.09451747556320494 0.2136766207047831
0 0.7568884622202151 0.5104072931634225 0.10187207110640073 0.19991217581272513
0 0.17004999111199545 0.6579563161858784 0.09852245333087113 0.2061753623773691
0 0.517427200001354 0.26035321095827 0.18320952888785141 0.10705679360465226
0 0.9311414044453865 0.41602252818952484 0.07492949333455823 0.07275492300073882
0 0.3985157688924422 0.4480667385201589 0.13995576888943712 0.0819312195953632
0 0.818929208887534 0.4430052098429688 0.07463822222004335 0.08258666935218562
0 0.6970686577777896 0.3297216435490697 0.08213845334119263 0.04041940166705016
0 0.11230549333203171 0.7174201746744372 0.07070606222583188 0.1172526787099073
0 0.05740088889271849 0.6165173260082785 0.10478478222050601 0.0731918895051793
0 0.8419760355518924 0.15362414223202903 0.16136419555793213 0.14441742974013394
0 0.06956942222184605 0.09256107221601578 0.1391388444436921 0.18512214443203157
0 0.029191964445635675 0.5168560718119944 0.05838392889127135 0.06875644212346255
0 0.021473279998948176 0.4146008632021332 0.04294655999789635 0.11113209995125439
0 0.7155643733373532 0.8524792384430426 0.2665130666664077 0.17529639605875147
0 0.005489777778792712 0.33662871451013376 0.010979555557585424 0.047442695527945444
0 0.239832405699417 0.009318953107088579 0.06672793526409401 0.018637906214177158
0 0.6790967980296247 0.006515084703177798 0.05473070616523423 0.013030169406355596
0 0.6686697244437205 0.14510329539410577 0.11213937778439786 0.045954310724158565
0 0.6693250844462051 0.0968913243966274 0.10485760000430877 0.05542191832187804
0 0.6565091555575944 0.04427327447870055 0.11840170666368466 0.05695130108758151
0 0.33807701333425944 0.11648198934876752 0.0754392177797854 0.10086643479072133
0 0.32107406222364965 0.08199804936795008 0.04012259555359682 0.026363645771978028
0 0.2680991288895408 0.11790213048844161 0.06131256889137954 0.05214466953800867
0 0.1696859022240258 0.08469267614575077 0.10813440000638365 0.12817684132253604
0 0.15240699777172673 0.01893221620627472 0.08938959557563067 0.03786443241254944
0 0.25022236444056034 0.05177453280611449 0.07915292444328467 0.08622805688978252
0 0.31874389333340025 0.036301634760492085 0.08002673777648145 0.07260326952098417
0 0.46437944888861643 0.08625847278689153 0.14410638221436078 0.06357862640603351
0 0.46998641778094075 0.050099494538823175 0.16959260444467272 0.06729284169434357
0 0.4571704888923301 0.026761199412059455 0.18095217777623074 0.05352239882411891
0 0.3980816706549376 0.007352603836823457 0.07008874284931355 0.014705207673646914
0 0.6977604266670016 0.3697404925869955 0.061967928893864155 0.04122050692529888
0 0.8348398933342347 0.045511346241470574 0.1717043199990359 0.06860374120782664
0 0.48779036444611845 0.5812322807692123 0.08636188443957105 0.21309399869875456
0 0.456369493332588 0.5898987831086427 0.081774364453223 0.2095982666626648
0 0.42633216000265545 0.6040637806297846 0.08577934222088923 0.22001263502014023
0 0.3939282488905721 0.6126574552184614 0.08374044443998069 0.21811911350062863
0 0.2921289955576261 0.6297355627696645 0.1101004800034894 0.2132396542002617
0 0.2292508444438378 0.6450293904275066 0.10594986666821771 0.21018088866869322
0 0.04200789333424634 0.7272883349012407 0.08401578666849269 0.14223259721760817
0 0.391124764441823 0.38769253314720087 0.11556181333338222 0.07566803303080016
0 0.3301034666649583 0.1859960774410338 0.14061112889192173 0.06496235367031067
0 0.35049244444299904 0.2181131155224214 0.11556181333338222 0.05738826759210269
0 0.3574829511137472 0.25576506266095783 0.11920270222342677 0.06423407616277521
0 0.3602136177735196 0.2988426772304117 0.1310720000002119 0.06765698044807089
0 0.48669809777703554 0.1298822954870576 0.1862678755488661 0.08498998512693168
0 0.5058491733287358 0.18825373771431314 0.1797142755550643 0.10195885105206515
0 0.14438172444287273 0.2402163378754985 0.18626787554886606 0.09751635825621963
0 0.15614179555947583 0.2981872274736701 0.1872145066658656 0.08979661667650451
0 0.16735573332860237 0.3487661003705379 0.1891077688895166 0.08564543488375409
0 0.1845771377802723 0.3991629038905824 0.1757821155505048 0.08884985591682959
0 0.20445639110791186 0.4515260566808921 0.16092728888615968 0.07821700430705336