0 0.18202851555413668 0.9356090128148993 0.10675086221761174 0.08418914856236814
0 0.043821862200275064 0.9826978289688766 0.08752994662564662 0.03460434206224672
0 0.014737635555987557 0.7377715566128666 0.029475271111975114 0.17952049879453336
0 0.15024633338260981 0.9895436593883031 0.0868655496587356 0.020912681223393847
0 0.13921166222232084 0.6857362025056934 0.0918960355532666 0.2334865140925354
0 0.23766686292882594 0.016744392548431408 0.08970037192727129 0.033488785096862816
0 0.8175092622172088 0.07631163920988188 0.14170339555583067 0.11608780519753947
0 0.06734848000212676 0.2591450951373553 0.13469696000425352 0.06605258902998679
0 0.5859487288890199 0.5859618655415966 0.1484026311068899 0.09555031393930058
0 0.7899841422266844 0.4498463649680098 0.10718776888938408 0.12293363561700632
0 0.8621829688911222 0.836198815766821 0.09124067555078208 0.05636885898553723
0 0.921711502219033 0.40818875858595094 0.0583998577772743 0.09001538721720936
0 0.12614087111109662 0.1542375812182834 0.09415338667523529 0.10895066284540322
0 0.8721954133309838 0.42788872803759376 0.08840078222047953 0.1050907797365851
0 0.053395911109530264 0.17725122390493897 0.08119182222419316 0.10691147931623313
0 0.2781479822213037 0.1557305548736077 0.03713706666603689 0.09314699049423314
0 0.20900750222305456 0.07747688694084198 0.10274588444994553 0.06933223999259552
0 0.7147269688908839 0.4822912314771483 0.09386211556072033 0.14922453754693932
0 0.36247096889031427 0.12496073197778262 0.16922851555670299 0.13779054418685976
0 0.6625166222194416 0.48600545861959144 0.06779335111172669 0.12839573435586948
0 0.9786550044444287 0.5223102082375481 0.041506133342368745 0.05534926722091171
0 0.9376221866657337 0.7250268994342179 0.08192000000013244 0.06634629268186609
0 0.8266478933342215 0.6619214520040558 0.08031800889099627 0.12744897057455273
0 0.21818254222162067 0.639454019191327 0.07958983111505707 0.12708483065857457
0 0.5803781688885971 0.979784709641456 0.07361877333993716 0.04043058071708794
0 0.9278281955514103 0.5073804716845476 0.06116693333412215 0.09220022671275474
0 0.8876327822191847 0.5216911703804339 0.06903125333289306 0.09504051805702829
0 0.7153823288881944 0.6634144256593398 0.09925063111715848 0.052654631843094046
0 0.7202975288861329 0.5997263543636774 0.09684764444828031 0.06860396016063919
0 0.9913664000005358 0.6772958925096006 0.01726719999892845 0.06654930452455032
0 0.9470156800001859 0.8008772439218758 0.08701724445240366 0.09147194688087934
0 0.914648177780004 0.6736831712884996 0.09844963555741637 0.08440763251189021
0 0.22662940444424748 0.871447559628538 0.13798968889233137 0.08040209343669702
0 0.8409929955533395 0.02577506246340311 0.11162965333917074 0.05155012492680622
0 0.6048899259263029 0.009825734145817444 0.05697856991448336 0.019651468291634888
0 0.4042295123088277 0.006075093011760346 0.04056824455037711 0.012150186023520693
0 0.2876507022211121 0.579917142937233 0.04871509333865509 0.04238588621393424
0 0.2619096177785347 0.24090288120898734 0.09102222223041784 0.06263206553950373
0 0.5234710755551026 0.127436883406078 0.12582912000103125 0.10254180032506166
0 0.36582058666584394 0.5461613727307593 0.10398378667111197 0.05119807217942407
0 0.5085434311121289 0.04630651013746523 0.09422620444869001 0.08302390083136757
0 0.3091319466682358 0.3506182378778396 0.0727449599963923 0.08571853620926595
0 0.06195200000268718 0.36773281392642587 0.05941930666772855 0.08659247200743558
0 0.9172332088876929 0.17681425600581374 0.0574532266706228 0.12191404385246163
0 0.3152850488925146 0.7230969578798089 0.09451747555285694 0.06933223999259552
0 0.8835913955544432 0.18416988230751247 0.0574532266706228 0.1219140438523808
0 0.49252352000007193 0.2059090352883659 0.1403926755508615 0.11368448175247203
0 0.7569248711121165 0.21304617764054246 0.07019633778060475 0.13218278948162143
0 0.25473706666897566 0.8112552315257967 0.13886350222552818 0.09096215099860694
0 0.9773853866642135 0.16253997130146058 0.04522922667157314 0.12191404385246152
0 0.9461418666669892 0.03232958095011984 0.0739100444441041 0.06465916190023968
0 0.9503652977757155 0.16964069966202316 0.05643377778016856 0.12169555990285852
0 0.19123996444460417 0.3441001333827369 0.07915292444328467 0.11259206200469929
0 0.702493582220955 0.24895037335098796 0.11963960888485115 0.17282080409905476
0 0.12697827555756602 0.38197068463920547 0.08723569778311585 0.11783567679404028
0 0.06970826024189591 0.01237471355730041 0.06903929786963595 0.02474942711460082
0 0.2616547555559211 0.9782553219945581 0.055851235551138745 0.04348935601088377
0 0.2698467555559344 0.760129987329641 0.13791687111887668 0.08309672881459551
0 0.37423103999656937 0.044419026158887265 0.13230990222137834 0.08883805231777453
0 0.015465813331926863 0.3968076675030677 0.030931626663853726 0.11706754555026333
0 0.017322666668850514 0.20070706988405013 0.03464533333770103 0.07036230254404352
0 0.4045232355542895 0.29486841674941666 0.11381418666698861 0.10341573612331212
0 0.8322525115890635 0.9707176257348703 0.053225094286931895 0.05856474853025939
0 0.3682599822214494 0.5896396786924661 0.07696839110511872 0.042313058230787126
0 0.3378949688902746 0.6573332890633218 0.12109596444707776 0.1073484472153583
0 0.8404104533346577 0.7797571287980558 0.10056135111177955 0.05607754705278711
0 0.6612787199982753 0.6811480395649999 0.06386119111751509 0.061758129741253276
0 0.5647951644431386 0.6595909565420951 0.13347498666909008 0.09380244234288049
0 0.5022082844438652 0.7158505735528712 0.09014840889722109 0.11120833032417665
0 0.6612787199982753 0.7936308595948978 0.10813440000638364 0.11878244057551879
0 0.7150546488869521 0.8328851425318891 0.12655729777697067 0.13698943637183714
0 0.7554321066683365 0.8703187258891515 0.10711495110558145 0.12446302326390413
0 0.5228885333312469 0.9109203265150517 0.11111992888359562 0.09161760284733522
0 0.19728383999835286 0.2516814227204196 0.04099640888679357 0.06569084083329946
0 0.16018318221904337 0.25856366713145995 0.03611761777558259 0.0570243108342654
0 0.2465814755556898 0.34253433174426545 0.056579413337426054 0.12606523889402987
0 0.8357137066674315 0.17543052432525047 0.06786616888518138 0.08826751562078938
0 0.7902754133308514 0.18653679176104682 0.05519587555900218 0.09271002259510797
0 0.7896928711069955 0.9362644646635871 0.0700507022233473 0.07952815763844656
0 0.7773502577768845 0.8995227471465457 0.0908037688893576 0.10494512377020992
0 0.907985351110498 0.5857069676005009 0.08876487111879727 0.05221766394396876
0 0.9008856177795679 0.6252525624701615 0.09466311111011438 0.060083086128061236
0 0.8064045511134383 0.5217275843720478 0.08556088889017699 0.04937737259977615
0 0.8142324622203079 0.5703402631483345 0.09611946667234106 0.07421171486595834
0 0.8305436444468797 0.7445083849363385 0.10150798221843116 0.06073853797662776
0 0.8501316266651783 0.8073225204337505 0.07281777778019505 0.03969125083603564
0 0.9477802666680266 0.8879430978200505 0.06640981333330276 0.10698430729938013
0 0.904781368887052 0.9150715215566605 0.06255047111254597 0.09525900200655046
0 0.8704841955513176 0.9383036481927574 0.053521066666063266 0.10676582334985796
0 0.5834365155547858 0.6228128250334396 0.12473685333712237 0.07719766217652624
0 0.6038619022247278 0.549038078066566 0.1252465777823495 0.08462611646149332
0 0.6137651199992332 0.7551048564898222 0.07107015111380144 0.08644681604114135
0 0.5588605155547459 0.7380266944328499 0.09247857777194846 0.10982459864365368
0 0.7263049955531541 0.7190185908214279 0.07624021332917952 0.04835778083515063
0 0.6037526755541978 0.9443483707972018 0.08060928000551126 0.07574110251285637
0 0.45270886273226807 0.9891795194724058 0.08385274565468231 0.021640961055188312
0 0.6371334774264445 0.9905632511529285 0.03190648515398309 0.018873497694142816
0 0.05598094222239322 0.6889042197742099 0.09116785778767533 0.1751512995609752
0 0.016812942223623395 0.8542529014063902 0.03362588444724679 0.04936286421894698
0 0.0338158933342331 0.8932517651220784 0.0676317866684662 0.04623021838175079
0 0.041570986667647955 0.9421271173100425 0.08314197333529591 0.0796009856216745
0 0.9894367288901574 0.622442273304971 0.02112654221968513 0.041379118074370225
0 0.9809534577756293 0.5783749891132095 0.03809308444874149 0.047800689323820755
0 0.9721378133321802 0.46543155336969816 0.04784127999511023 0.059573290245627075
0 0.9792422400011371 0.37159269703528447 0.04151551999772585 0.04974151251567338
0 0.9909659022206647 0.4251478191540259 0.018068195558670452 0.05551464221555924
0 0.9702060095293241 0.009291583073050225 0.05958798094135187 0.01858316614610045
0 0.6203915377768378 0.5027194807606261 0.08446862221592011 0.08637398805791341