0 0.030595128890126944 0.051010497679006506 0.06119025778025389 0.10202099535801301
0 0.8536230377387255 0.021041770564910967 0.0823435332522624 0.04208354112982193
0 0.44922106997109945 0.036372067180971135 0.06477757105603815 0.07274413436194227
0 0.6792311466661178 0.11414685942727232 0.08293944888023863 0.10290598156070652
0 0.9533172622219556 0.09532081821461025 0.06706517332543926 0.07894556547190801
0 0.20311210666679674 0.10304058753195278 0.10806158222258092 0.07341063652738611
0 0.6139136000018981 0.08395964827588664 0.11090147555288343 0.13225567056916687
0 0.5178669511133598 0.022571158825861137 0.07638584888643685 0.045142317651722275
0 0.9846139733317412 0.08538731256615162 0.03077205333651767 0.07040965192199611
0 0.34306787555623386 0.1313342703602381 0.11971242665830584 0.13902867572495914
0 0.11305688753620617 0.0075685882657159365 0.10635469952184293 0.015137176531431873
0 0.7674498844477866 0.07008591190834662 0.08330353777855637 0.04449791559350602
0 0.7871797094432016 0.026540285503197647 0.07179074332945878 0.053080571006395294
0 0.8488237511107906 0.06520643507565466 0.07492949332421028 0.047702348140266415
0 0.6815613155563672 0.05315339901886584 0.03138446222162905 0.03408350981629216
0 0.13211477333162394 0.057086111689967134 0.025923128891736272 0.03699663031341327
0 0.13990627555694019 0.027263040600731647 0.03684579555152191 0.026582224536199406
0 0.09191935999939839 0.05453713125495585 0.059856213339500954 0.08841320708749079
0 0.3046457199793723 0.016599261806799326 0.031508542183372734 0.03319852361359865
0 0.3464903111103922 0.03225728447881493 0.05971057778224348 0.06451456895762986
0 0.9806427900938111 0.01758243997454434 0.038714419812378 0.03516487994908868
0 0.4792735288902703 0.14171226213121668 0.08279381333332919 0.12016622050610226
0 0.4367843555545228 0.10558956796696406 0.056652231110880746 0.07515850882570718
0 0.49816974222453103 0.05719535370859197 0.06276892444325816 0.06678328739637296