0 0.46711907340213654 0.005346813179884946 0.03400001097470523 0.010693626359769892
0 0.6190064446690182 0.07409642930693972 0.1739511649020844 0.14819285861387943
0 0.34561735111185243 0.9016038696918778 0.27131903999381596 0.19679226061624433
0 0.43292586666842303 0.581592186550506 0.10980920888897444 0.18440045342550937
0 0.827581335671453 0.9623788216601601 0.1521699387683636 0.07524235667967993
0 0.5391670044408077 0.8187565137938706 0.19282147555301588 0.1939409192228747
0 0.7182987377771901 0.3012408652781443 0.12713984000600043 0.14354395485847316
0 0.605540408887383 0.7097330229652797 0.12124160000433526 0.11645194511351753
0 0.980063288886514 0.9601884571399859 0.0398734222269721 0.06270489352265085
0 0.2224096711104115 0.761732202959686 0.05825422222001686 0.06751154041286667
0 0.27345493333414195 0.6405464389390997 0.13849941332721047 0.12154990393648357
0 0.7375226311126931 0.4909941754677963 0.17767537777415576 0.19051800401310082
0 0.6010985244427705 0.3847745619918246 0.17090332444964185 0.1601487350248274
0 0.8240665599962489 0.4019619660235984 0.24037148444395917 0.23953123669689902
0 0.4707547022236718 0.7105705447718758 0.1087169422250655 0.11521386939936984
0 0.9041661155565331 0.9365193626047233 0.13711587555913463 0.10814955503038082
0 0.9843959466657705 0.631777513681737 0.03120810666845908 0.0636787764321548
0 0.7487001600002663 0.5992893864645521 0.13638769778319526 0.12235101175150598
0 0.3822446933326622 0.7297607183412462 0.08213845334119269 0.09795363738444895
0 0.4686065777774072 0.24534538818326546 0.05534151110591162 0.09321981847738026
0 0.6446435555556996 0.4892098898797622 0.09007559111341834 0.08499025637739055
0 0.5621774222236127 0.5497663578984817 0.12000369778316888 0.11827264469316556
0 0.5101491200013293 0.5929533519273981 0.08861923555119167 0.08870448351983362
0 0.9533181155566126 0.32399961002358285 0.09211448889432683 0.09132629091450417
0 0.8932070399996721 0.2695971065840283 0.08082773332587556 0.07879987780665199