0 0.061924977781664996 0.7635514187295227 0.09815836444290148 0.09052511055857115
0 0.1488694044450919 0.5367288468592581 0.11534336000267001 0.12468140730197141
0 0.06181575111113489 0.4865139926917902 0.11512490667195784 0.1177627544434332
0 0.1770498844432748 0.729868503497565 0.07369159111339185 0.07748891201480457
0 0.17963491555613775 0.04944368140297989 0.13871786665792268 0.09888736280595978
0 0.014432853330961531 0.5279832978588921 0.028865706661923063 0.06922039492351184
0 0.21757297778191667 0.8633985036658348 0.08352199110926856 0.07071591500600305
0 0.2578048000008696 0.15023104980820112 0.19267584000610644 0.17624357807873725
0 0.2208861866707189 0.07292420760548668 0.11971242666865387 0.11747144274420207
0 0.24673649777347845 0.6282371344029871 0.12233386666824422 0.16582918482853592
0 0.15673372444386285 0.6501583397756076 0.0616038400058945 0.09504044189782612
0 0.04854798222271105 0.6646146828535403 0.0970959644454221 0.09161752943103152
0 0.018583466666233207 0.7458490911847528 0.037166933332466415 0.08311074722661438
0 0.14501006221916113 0.7980354411345882 0.044127573331611006 0.04180322885005683
0 0.13332280888636078 0.8403484654584412 0.10536732444953587 0.052727417573932844
0 0.11985152000043955 0.7719630440469338 0.06939534223121074 0.08011071730845076
0 0.047128035557559796 0.6107220184823998 0.09425607111511959 0.05899061910897874
0 0.03713052444573906 0.5610533737511216 0.05992903111295568 0.06947784028396775
0 0.2079974399983055 0.5593783314801182 0.0985952711146739 0.11535943292423056