0 0.4482400711108413 0.34581657646512 0.29280028444611367 0.22248877854568017
0 0.13264782221780883 0.380992380078076 0.17498112000111077 0.09737070275471238
0 0.08698595555809636 0.06423107717369175 0.17397191111619273 0.1284621543473835
0 0.09714915555280944 0.3009910958776213 0.1019448888902035 0.072973406252959
0 0.3612228266687857 0.059967654765666956 0.16114574221687183 0.09605980324114849
0 0.3468413155577663 0.6131672494737362 0.07893447111257251 0.13189105661092682
0 0.21375247795755664 0.989399486060732 0.15339836035337714 0.02120102787853584
0 0.5443772115072029 0.9909652827018729 0.10569394302243995 0.01806943459625432
0 0.01868288000114262 0.8417667314812447 0.03736576000228524 0.16945652079601192
0 0.9101876622221122 0.7645397294106526 0.17962467555577555 0.1058915495926761
0 0.9158758400008082 0.8484737121517185 0.13944604444421005 0.08163990859234904
0 0.9858089244458824 0.3825831005396903 0.028382151108235165 0.04655991284003391
0 0.254581191111356 0.04522303422758012 0.12335331555869844 0.09044606845516023
0 0.9097450784666257 0.04999325190179643 0.11981338083537096 0.09998650380359286
0 0.02235910726400713 0.012252146595498004 0.04471821452801426 0.024504293190996007
0 0.970626417780295 0.25467264639969495 0.05874716443940997 0.09744353050542565
0 0.9894660914368514 0.024250009721682675 0.02106781712629724 0.04850001944336535
0 0.9685875199993865 0.12467717690554281 0.06282496000122695 0.1382229397317576
0 0.3660514590175201 0.014307654033565542 0.10998234418738223 0.028615308067131084
0 0.8172805688861343 0.41886281046883267 0.1725053155587779 0.10217733430428533
0 0.5717754311135246 0.6292985962651836 0.18131626666420037 0.1342943723857538
0 0.4857412266648478 0.9525445679755558 0.07463822222004335 0.09008792767951879
0 0.2834534399987509 0.1890184290972457 0.08512398222875264 0.07668762154126896
0 0.9210459022213602 0.5664118334912887 0.1087169422147175 0.07741589904880464
0 0.4843576888915979 0.5503533144505948 0.08104618666693564 0.11011555913622062
0 0.18991900444444684 0.7825645977216116 0.13427598221848408 0.08848571716302134
0 0.35729066666940024 0.9216656016569382 0.11177528888608018 0.11179059740351194
0 0.30398805333404905 0.2524878138771287 0.07026915555405944 0.07093422923185955
0 0.7928502044485262 0.34202953342601605 0.12218823111098664 0.08076597558338716
0 0.4182027377809088 0.58272524965964 0.058545493334531795 0.08979661667658545
0 0.8841636977779368 0.5078947357625259 0.04951608888804915 0.05054245902151122
0 0.5615809422245042 0.5419781231141786 0.08869205333499453 0.06802111920179832
0 0.6915970844423606 0.47708859719462143 0.05861831110798654 0.06132096613271376
0 0.1351236266653157 0.648670777965063 0.09488156445117461 0.085354123880659
0 0.9023317333310843 0.6953897800721137 0.08512398221840456 0.07392016701271475
0 0.36294780374608104 0.9846656822618723 0.12804117194480363 0.030668635476255313
0 0.1843484444440239 0.1342519605321496 0.10172643555949129 0.08688350664652411
0 0.4475847111135307 0.753579152922546 0.09284266667026614 0.11237321940945943
0 0.2801402311099486 0.7682175308236061 0.06946816000466546 0.1317454011094199
0 0.5396627911107822 0.7474616218594091 0.09378929778726569 0.08149425309092284
0 0.1701853866637167 0.9420937857426835 0.10864412444126274 0.07792569330403909
0 0.394719004444778 0.10413768559642417 0.18473870222353272 0.13050732934664977
0 0.6027593955552827 0.7121401627449461 0.06852152888766594 0.05425667430982117
0 0.7994038044423278 0.587823192212227 0.10893539555577769 0.13349326712742415
0 0.9288009955547749 0.9331359724002389 0.13762560000436175 0.08142142534012886
0 0.2642659555603233 0.12533056106506157 0.07704120888892146 0.07472127227104441
0 0.25796721777878706 0.40542609045518596 0.10361969778314234 0.11739833421133339
0 0.1957808355542107 0.236356467085641 0.13580515555416545 0.13058015709736293
0 0.21260174222600958 0.6644743998781395 0.14760163555749586 0.13720748241573422
0 0.05058218666559292 0.16345588858347587 0.08104618666693568 0.08775743965556682
0 0.3524482844449166 0.7443300285771276 0.09102222223041784 0.10392520032237074
0 0.10763491555634472 0.12707842708310646 0.07398286221755877 0.09351083196481458
0 0.6452849777777576 0.9394760629206058 0.25158542221825986 0.12104787415878826
0 0.6533677511124147 0.7438566481972497 0.09560974221676588 0.07909093731609596
0 0.23921664000178378 0.32120079671110596 0.06932252444740797 0.06314165990151233
0 0.10413966222355764 0.7445120979539912 0.06684672000507515 0.1007936070400891
0 0.43749944888986647 0.20019748883757266 0.18641351110612353 0.13837272642771026
0 0.685371164444627 0.28416788545399496 0.1412664888944063 0.09176296594681
0 0.7485041777758549 0.4987184391677802 0.05272007111666932 0.0670015306913293
0 0.6836599466649609 0.39308178670284255 0.06852152888766594 0.06357862640603362
0 0.5175261866663479 0.8467258461336331 0.034078719994674045 0.03182572707837339
0 0.5229875200014147 0.8954840252617834 0.051846257783472516 0.06889505221092174
0 0.0073597155563119385 0.1795293257613762 0.014719431112623877 0.0338219126231728
0 0.024908799998876123 0.3342003415494889 0.049817599997752246 0.06292275930764546