0 0.6348642710492842 0.031127588664340844 0.04502431123207018 0.06225517732868169
0 0.04306048000127905 0.03502388420253616 0.0861209600025581 0.07004776840507232
0 0.03767196444484095 0.14322081973411382 0.0753439288896819 0.058591759855004755
0 0.03173731555644837 0.1908644749619825 0.06347463111289674 0.06016562819894544
0 0.3575726286663363 0.017690831154151432 0.1399760525984069 0.035381662308302864
0 0.3267837155558583 0.0688461071643095 0.15495623111103973 0.12999789786276406
0 0.3391263288911432 0.19294494075434093 0.24634254221907922 0.19233862647372713
0 0.23805525333413646 0.2737839696773974 0.09459029333665966 0.07741611508579593
0 0.23772757333289418 0.3686059657655649 0.12990691555250022 0.08732071682776477
0 0.23026375111399425 0.445002489495545 0.1212416000043352 0.07057028741119398
0 0.21770268444799715 0.4890998156333484 0.11679971555454866 0.060301545899331344
0 0.21697450666688384 0.5282448409001674 0.12233386665789617 0.058043879325860304
0 0.2145715200031797 0.5618549416641073 0.12684856889148552 0.058844986819675205
0 0.21497201777787672 0.5952829725431004 0.14527146667242052 0.05709711592407174
0 0.2122777599996577 0.6283468636521591 0.16595171556497615 0.07064311536522117
0 0.34782805333638356 0.47467988074435674 0.12539221332925887 0.12759457538123842
0 0.3718579200044688 0.6619933783931531 0.1141782755549583 0.05753408364799284
0 0.3857297066650871 0.7812127390661465 0.10682368000141446 0.08724788887373747
0 0.2003356444442438 0.764753621465604 0.051919075556927236 0.05068825597339077
0 0.1573003377817157 0.7051075271521138 0.11832888889023 0.11361160821624883
0 0.0835723377764225 0.7439976545799587 0.07325468444161945 0.0742845130644828
0 0.14386545777734783 0.7988006899535054 0.11767352889809345 0.11091697391877575
0 0.24318890666796103 0.8627800475291119 0.13631487999939257 0.12613801630158228
0 0.0770187377774467 0.9735574091217079 0.11796480000226033 0.05288518175658419
0 0.0381956933117989 0.9830341387553703 0.0763913866235978 0.033931722489259464
0 0.25461767979173194 0.9872126504938579 0.06465495069407753 0.025574699012284263
0 0.4083980635636383 0.9584820226468751 0.12099438489725195 0.0830359547062498
0 0.6078967466691716 0.43812024784396975 0.09633792000305319 0.0787998462115056
0 0.5189134222196622 0.4412882638423774 0.08279381333332925 0.08542719002410659
0 0.45891157333325183 0.440377914417562 0.04055950222536925 0.09220018974468136
0 0.3595153066640099 0.39649907214171914 0.07886165332876971 0.062413556564909434
0 0.3772828444424603 0.3367437358972285 0.07391004444410404 0.08885010386136716
0 0.47219855627562435 0.04179688392311087 0.10703761032265091 0.08359376784622174
0 0.7374099543473372 0.04423662038160964 0.15581646463316345 0.08847324076321927
0 0.959396124444902 0.03495105624854927 0.08120775111019607 0.06990211249709855
0 0.9667143111117185 0.09800618232105363 0.06657137777656319 0.07692136023616714
0 0.8500158577795244 0.1394163945755439 0.0708516977830893 0.10348852261227903
0 0.8490328177809715 0.20274030056530923 0.09029404444413047 0.05651449229217698
0 0.7827686399997522 0.30608316726961443 0.11345009777901904 0.05869933091170154
0 0.8975658666652937 0.2646076474753376 0.1133772799952163 0.10625598486369836
0 0.5717427199965136 0.84377195153907 0.09495438222462926 0.06860393265367037
0 0.6923289600035383 0.8415871129195456 0.12903310221930342 0.1169616940994821
0 0.7491268266665025 0.931019840412848 0.11650844445038178 0.10108520013083433
0 0.55833884857388 0.984044634495531 0.07979748381508722 0.03191073100893793
0 0.6068408888919901 0.9249022922781145 0.08592497777814667 0.07952812575137413
0 0.6258128894751684 0.9789466777166134 0.049886116726944874 0.042106644566773266
0 0.6881274529887984 0.9845908441504122 0.042715065978053524 0.030818311699175593
0 0.7091862755568905 0.7149393009400553 0.10478478222050602 0.13298384397618435
0 0.6717943466682401 0.5955014564050609 0.12262513778275919 0.1273032635653718
0 0.4981239466669245 0.5766754303000063 0.09043968000138802 0.12737609151939921
0 0.5572883911120394 0.5372755071942537 0.036044799991779786 0.04275000898910741
0 0.5123962311125878 0.6900321406772809 0.08694442666860086 0.08069337301516366
0 0.49910698666547737 0.769232540635694 0.043909120000898805 0.07217250239882378
0 0.5685387377782414 0.7627508527310667 0.08781823999144966 0.10188630762464923
0 0.9703187911098616 0.2603336611234602 0.059362417780276844 0.16704022435348242
0 0.9447961599979964 0.8351199633656878 0.11040768000400725 0.06697264096433952
0 0.9580854044451068 0.8692561922168278 0.08382919110978648 0.06016697642518054
0 0.9086099736340758 0.9908540481931194 0.05959483415095346 0.018291903613761207
0 0.933509404445067 0.8028600868993806 0.13298119110986595 0.0688603534700436
0 0.8649799111092256 0.7071102958866915 0.09961472000512817 0.0679484810677482
0 0.7607048533339468 0.22411530505978206 0.08505116444494987 0.05702428797004444
0 0.09828152888868417 0.5591967213436885 0.05694350222539571 0.06561798654024997
0 0.8350518044446491 0.05347940887352931 0.09393493333417513 0.08469891048431899
0 0.7824409600036839 0.0961930038855826 0.04638492444323161 0.05097956778933832
0 0.7939461688873255 0.15674944762392856 0.047841280005458287 0.06867676060761674
0 0.7407163733357771 0.17626733929183785 0.07128860444451368 0.06255921247288321
0 0.7241139199998643 0.1171674546331884 0.07915292444328459 0.0671473735739333
0 0.7766155377754734 0.2659913786010068 0.12342613333215313 0.07158987876700984
0 0.7876110222190618 0.35058104715432536 0.12473685333712237 0.08200427618684603
0 0.7922349511128333 0.3957707926018911 0.11126556444085312 0.05906347068167617
0 0.8020289422219826 0.42919882348084365 0.09327957334203851 0.05178067528315322
0 0.811021937776564 0.4612431232341674 0.10048853333832486 0.056587320246204165
0 0.8599554844459312 0.49219500367768837 0.05417642666854794 0.059063470681595454
0 0.9151513599997594 0.501225669971815 0.04267121776938432 0.04886755712376001
0 0.9630370133349465 0.4884367651288218 0.07392597333010698 0.10401351612751719
0 0.9797486933310413 0.39551589476291693 0.04050261333791749 0.07486713669629674
0 0.8884272355586291 0.44263558099107353 0.06000184888641036 0.07661500759198103
0 0.9221418666705075 0.4301820008596863 0.054904604444487304 0.07515844851224407
0 0.9529073777763795 0.4155071681317205 0.05687068445194099 0.0742116851104555
0 0.8955633777762867 0.7507706543005739 0.11912988443962402 0.06030154589941217
0 0.9541088711108185 0.6856624634381914 0.08912895999641879 0.050542600065417
0 0.9762898488901556 0.7335340507404156 0.04742030221968885 0.0719067754684245
0 0.9391084088892159 0.6237951165281226 0.08621624889266166 0.09169039406681379
0 0.846192924445495 0.6467359220333329 0.11723662222632103 0.08207710414079239
0 0.8264228977780375 0.5844680213763567 0.1060955022151272 0.07115291104308874
0 0.8902840888903787 0.9609217591053738 0.09109504000387258 0.07815648178925227
0 0.43116799999649325 0.1730993232934706 0.06488063999762139 0.05520358912041379
0 0.44311011555190716 0.12743619614505097 0.07376440888684654 0.05855367500372788
0 0.4550886400043964 0.09255160618636149 0.06830307555695375 0.04442505193068369
0 0.02900664888632794 0.09923664432853074 0.05801329777265588 0.03586162060939624
0 0.04785521777553691 0.0676080319465735 0.06997788444989257 0.039545579013766874
0 0.5422151111066342 0.9559270006755819 0.05614250666565368 0.036122665176425484
0 0.6748162844425274 0.9362634530996989 0.05366670222332082 0.07603238396008616
0 0.6359679999968244 0.7319446281955193 0.07325468444161953 0.13276536011418327
0 0.6787120355551856 0.4565457202021572 0.04791409777891298 0.10443528601414842
0 0.18238606222180856 0.2524453791598978 0.04543829332623217 0.055713384798362076
0 0.3393447822218554 0.2949404903099906 0.054686151103427005 0.06350597587475271
0 0.35962453333454003 0.5703029843263392 0.12262513778275913 0.05666014820015075
0 0.3673068088893261 0.6159661114747588 0.11701816889560884 0.029713805225744516
0 0.3921012622252521 0.7160681342268312 0.08912895999641884 0.044497879884630054
0 0.09194638222559459 0.6702957651474111 0.06568163555736342 0.06583647040225094
0 0.105235626667531 0.9228631095665232 0.11177528888608018 0.0738475453405617
0 0.08593891555857328 0.9521399470683871 0.11716380444251828 0.07443016897237553