0 0.05052136514439351 0.01863844615475979 0.07604556753196651 0.03727689230951958
0 0.03499406222254038 0.05439700025690264 0.06998812444508076 0.10879400051380528
0 0.022505813335172004 0.11673019048492977 0.04501162667034401 0.08885430192916821
0 0.5967883377749886 0.09637682439482576 0.07114296888725624 0.10640172615718702
0 0.43691690666601063 0.043035830318138624 0.1332565333280299 0.08607166063627725
0 0.9399785244423482 0.08272157206457587 0.08585215999434392 0.07690638112386661
0 0.4766025955581831 0.0994720149230422 0.06524472888559107 0.0926372318083527
0 0.24536974222088853 0.1067548161658044 0.11570744889063966 0.149443081502173
0 0.3472782222191907 0.144334070578658 0.10791594666532339 0.1347318229917076
0 0.31210723555543357 0.05235229088213528 0.1041294222283694 0.09161763963441294
0 0.17074523210628992 0.0370639332990364 0.1434964157951375 0.0741278665980728
0 0.762051953903089 0.02675876954048778 0.06203340774195065 0.05351753908097556
0 0.5879745684564113 0.023663579012311864 0.07333313864138391 0.04732715802462373
0 0.6656467497193566 0.04918979736829571 0.08445021612569692 0.09837959473659141
0 0.16082830222116576 0.13916328169624592 0.13944604444421 0.14798652125357203
0 0.5325994666665792 0.10613577806016922 0.04966172443495853 0.09110784354736212
0 0.5286960020454394 0.03225728447881493 0.054264671458966185 0.06451456895762986
0 0.7185851181288145 0.028251743795243145 0.035371345974918866 0.05650348759048629
0 0.8946858666681995 0.11844371216052385 0.06473500444036384 0.07188124826639553
0 0.9696069688898408 0.02286280511500638 0.06078606222031846 0.04572561023001276
0 0.9484982044436038 0.04747281404944337 0.053957973337835696 0.045007711680475904