0 0.4348776420060959 0.974103587823302 0.2489411864222752 0.05179282435339605
0 0.6878375822212548 0.6758674769398524 0.09488156445117457 0.06853099518197792
0 0.008283448886747162 0.3491210572435024 0.016566897773494325 0.10937875947160713
0 0.20636643555222287 0.40826158767714243 0.05293852444738151 0.06452546411396132
0 0.9045432888902724 0.6199356976627443 0.14294129777699704 0.10159483345262665
0 0.6376297244439937 0.4330594663800885 0.1517522488927675 0.04347821904744342
0 0.8748700444431354 0.4743528502995375 0.1734519466654294 0.06372435790037423
0 0.86944511999997 0.8461389612496215 0.07303623111090729 0.044934775799493454
0 0.1294344533286575 0.684643231370732 0.09291548444372084 0.26276283806232514
0 0.6285639111107837 0.5549004386855653 0.17760256000070107 0.0698418962588232
0 0.6125439999987268 0.28121342498322793 0.10828003555329313 0.05687854116590041
0 0.6422900622244925 0.48647868526001126 0.15626695111600897 0.08841299484685594
0 0.8850645333321558 0.7516812558819193 0.13806250666578612 0.04697395525228287
0 0.42212551110941504 0.8613599793081008 0.12313486221763825 0.12082138257912245
0 0.29600512000421686 0.6385067962508579 0.22274958222276636 0.24419173947421147
0 0.2080412444451617 0.31868334742864635 0.052064711103836675 0.08418898026607224
0 0.5026255644443962 0.3282966219918943 0.12699420443839493 0.1267204374247234
0 0.7563591111140946 0.10904841689583394 0.05890958222250153 0.06794837248115793
0 0.39059541333570247 0.45556326819861626 0.09051249777484272 0.10887761721255385
0 0.070816142225845 0.32483729970591674 0.09728455110970471 0.09999262102537154
0 0.318432995552818 0.8816425320798532 0.0979399111121893 0.10909610072540188
0 0.8719573333342042 0.711953670470904 0.1277223822143343 0.07020603544679516
0 0.41680981333160566 0.5544634716599907 0.06910407111669581 0.08979672376126313
0 0.7011632355550925 0.7711627024400036 0.1330380800076657 0.05447522252513892
0 0.510271431112455 0.5365842375290806 0.06757489778101444 0.12118552176709463
0 0.9764653511086685 0.9948915513511304 0.04706929778266289 0.010216897297739225
0 0.9743900444462068 0.9749378708244434 0.0512199111075865 0.040923487174420736
0 0.9050530133303254 0.9802939540193534 0.09575537777402332 0.03941209196129336
0 0.7087362844393486 0.9057121324067743 0.12619320888900087 0.049450101730606266
0 0.7041123555559251 0.8680237264485483 0.12699420443839493 0.05593177927710813
0 0.5104170666697125 0.845592752467623 0.09029404444413058 0.13152707470632707
0 0.6195709155510283 0.8064113758386062 0.04864227555485234 0.10326987371736307
0 0.7084450133351816 0.8300075952211312 0.13201863111721146 0.046172849038695674
0 0.7050589866677506 0.8026607422021783 0.13121763555746935 0.04012813851780883
0 0.5016789333325707 0.6394899720584715 0.05825422223036486 0.07472136137806984
0 0.636865137781327 0.3660578557876823 0.141048035553346 0.04056510554342385
0 0.6312581688890027 0.3993765914899196 0.15881557334214458 0.0490859625426342
0 0.570637368892009 0.6185155548295155 0.05213752888763945 0.05971882683235763
0 0.665955839999434 0.5980509324638175 0.13806250666578612 0.03859875392819667
0 0.6675578311137441 0.6280560015552014 0.13791687110852857 0.035248673398643016
0 0.5493381688888702 0.6825676379991212 0.03444280889299178 0.06518091465234344
0 0.599327573330245 0.679873008007869 0.07238087110842273 0.06722009410521368
0 0.6164033422246575 0.3292069699619054 0.10813439999603558 0.054693706037986733
0 0.6648271644436237 0.17506685168062652 0.04376348444364142 0.15366673733684233
0 0.6305663999997907 0.17776148167183842 0.04820536888307991 0.1539580486873332
0 0.5786473244428635 0.18176701273989543 0.0790801066698299 0.15643419516565682
0 0.5044095999975171 0.17779789559061948 0.07259932443913492 0.16393546243851287
0 0.9911745422209303 0.19967500537472005 0.01765091555813947 0.05434487767958607
0 0.9869875199989312 0.11717419626904496 0.02602496000213761 0.11330916434475868
0 0.8608526222200856 0.09306270654254861 0.049152000000079465 0.06641898789154566
0 0.8226961066687686 0.20565454347279 0.15400959999404018 0.05229038739706371
0 0.8183634488895122 0.1771060311334563 0.153791146673676 0.05054251929468434
0 0.8139579733316269 0.14863034663168462 0.15400960000438824 0.05214473172193945
0 0.8110452622226957 0.1006368016530072 0.0689584355490902 0.06947775707085102
0 0.8483279644408159 0.24494516185823068 0.18575815111398697 0.0718810757116124
0 0.7916757333299352 0.30076769937891484 0.05861831110798654 0.05374694414911374
0 0.8915089066657755 0.32592971726987346 0.04958890666150384 0.03503018988579509
0 0.8123923911092181 0.33801913831156616 0.11723662221597297 0.045371742825108585
0 0.9330150400029702 0.3483971051696202 0.030801920002947236 0.030005069091343373
0 0.8948585244464791 0.3542233321776186 0.05352106666606338 0.033500805296182934
0 0.815159466666066 0.36642199497573524 0.11374136888318587 0.04274994067141824
0 0.8471992888901796 0.39245794691788355 0.16864597333802112 0.05636874630272326
0 0.9317043199980011 0.42020535304363016 0.05774449777478974 0.05316432144829375
0 0.8450875733306424 0.4334964334057036 0.12947000889107585 0.06416132492590843
0 0.9331242666631523 0.5208170106886028 0.06291456000051565 0.07464853354042678
0 0.8518960355574059 0.5487464864083353 0.1062411377827327 0.05025120794427429
0 0.8576486400018135 0.5135342269285542 0.12721265777945512 0.047993544978717884
0 0.8107175822214534 0.6255434411580159 0.05213752888763945 0.1023231118285709
0 0.9573506844436956 0.8829534331566579 0.0852986311126086 0.1463839535768343
0 0.8810231466674142 0.9217342566788811 0.07216241777771049 0.039254204466659615
0 0.8754161777802639 0.8853203378786787 0.07420131555861897 0.05221755955950158
0 0.9507461688895193 0.7850728194216782 0.09058531555864546 0.06933210139564605
0 0.868753351110758 0.8118734636586327 0.08840078222047953 0.041511867432296845
0 0.8643478755528728 0.7830700538876698 0.08818232888976729 0.040128138517889655
0 0.9604309333333125 0.6915982898615491 0.06684671999472702 0.07392025516440182
0 0.9096405333321955 0.1371963761284145 0.0575988622175323 0.14303387304719983
0 0.2514770488875608 0.5832668814309533 0.12699420443839496 0.13036182930476792
0 0.08272184888935752 0.5102933881553438 0.05410360888474517 0.08302373486451298
0 0.13500501333425444 0.4357905102900815 0.08352199111961657 0.10938741207581193
0 0.279293439997774 0.3198485928302461 0.05286570666357876 0.07646922948036827
0 0.3726822399999946 0.1930189136491391 0.08658033778063129 0.15388522084969025
0 0.28384455111291673 0.18489860975668193 0.07988110221922395 0.17085410701054893
0 0.2113180444472366 0.18544481853868056 0.06269610666980346 0.16830513269450154
0 0.1351506488915119 0.1960776828283231 0.08716287999931308 0.1498068619440308
0 0.04567537777539757 0.19430752623598962 0.09135075555079514 0.15456892224580698
0 0.2796575288909177 0.39489767947750687 0.05883676444904673 0.06255911249873414
0 0.5676882488860024 0.8164980313462907 0.06968661333537762 0.08935975673572893