0 0.21350416159257293 0.12110852136682321 0.2276047257085641 0.24221704273364641
0 0.5791468088929024 0.2499732012674023 0.12896028444584873 0.11353850848890934
0 0.5477127509967734 0.0192588715133038 0.10453995533494481 0.0385177430266076
0 0.37489294221935177 0.06251449642436774 0.11803761777571503 0.05236317357504172
0 0.5746685155563884 0.06422594924639013 0.1272854755529098 0.053746901388567636
0 0.4010345244418002 0.15322149599001827 0.12561066667031912 0.071662535184703
0 0.07135672889028986 0.301773423901677 0.14271345778057973 0.603546847803354
0 0.5562456177806274 0.03771663745037279 0.10369251555659698 0.053746901388567636
0 0.38501461332974335 0.10464536695728777 0.13085354666949978 0.07807137979474343
0 0.3554870044450379 0.020023563199728145 0.12349895111595593 0.04004712639945629
0 0.3638974577757633 0.03247303731491458 0.13114481778401466 0.058407879286734854
0 0.452807964446644 0.28449356882592963 0.09313393777443302 0.08659223001492367
0 0.3109225244468285 0.3107479833930715 0.12349895110560791 0.07676047976083855
0 0.5855547733346207 0.12740404810080436 0.1465821866670417 0.11761686414978534
0 0.10620003555797869 0.7661776483662608 0.21240007111595738 0.28847312497811095
0 0.7351588977759498 0.9406718635561512 0.1322370844479236 0.1036339304552032
0 0.8975789511110633 0.9387832962406992 0.1014351644346283 0.12243340751860154
0 0.9531389155528611 0.4298942309156651 0.08818232888976729 0.10472634715008355
0 0.8909161244467314 0.8198869909911966 0.1862678755592141 0.08491719108267126
0 0.6111502222251146 0.710827390951402 0.07165269333248336 0.09591418581125777
0 0.5114262755546305 0.592336593445761 0.061676657779349275 0.07712461865918574
0 0.6155921066645533 0.4413281923221795 0.08490552888769243 0.09700660250613813
0 0.8544344177780052 0.5835608459968266 0.10806158222258089 0.06729286840518145
0 0.732901546664329 0.49536640482939276 0.1068964977748692 0.1102612584041065
0 0.8359387022236155 0.7216787301206253 0.1025274311088854 0.10800359723472486
0 0.3396491377769659 0.43597535051724945 0.15211633778073724 0.07828986313376807
0 0.3218087822198868 0.7273592969340519 0.07522076444907322 0.15184592058966717
0 0.2948297955509689 0.5763873097003618 0.054030791111290444 0.15330247618281412
0 0.3847233422255764 0.538480450387681 0.07929856000054214 0.05840787928673474
0 0.3769318400002602 0.8971572652097457 0.11905706666616933 0.08710202447251292
0 0.7145878755590982 0.07340224948344198 0.12896028444584873 0.14215982589490483
0 0.8656119466655784 0.10868730872839377 0.10696931555867195 0.09809901920109942
0 0.8174793955559532 0.25634563198759175 0.06764771555446913 0.1197288697598442
0 0.8755515733371593 0.23100156466615662 0.07165269333248336 0.07166253518478394
0 0.8570194488856941 0.48917604355833655 0.1267757511076828 0.12599205881056186
0 0.715461688892295 0.21781973654780928 0.1366789688873622 0.08710202447251292
0 0.624221013336339 0.5462001950315859 0.12459121777986493 0.11594182521761387
0 0.20435370666802757 0.4195526862040715 0.13624206221558982 0.3025265967047521
0 0.6948542577783681 0.8345253747027312 0.19740899556005997 0.1441990037254235
0 0.45928874666699104 0.4455157896526082 0.07507512888146772 0.11572334187867006
0 0.9482965333335516 0.7078414519854064 0.08956586665784316 0.09183583015038188
0 0.9032970890920196 0.01146629908977792 0.06291067515396409 0.02293259817955584
0 0.3746475716276715 0.9690432386890961 0.09249756103381518 0.061913522621807826
0 0.4337297066632244 0.9408539330053249 0.025413404446509136 0.0420944566430691
0 0.6079462399964946 0.9623745418945979 0.05242880000215433 0.06590914059165554
0 0.22253407913053203 0.9850653502141566 0.1069742960131003 0.029869299571686714
0 0.5138229061952896 0.9236351180715349 0.1472976523968908 0.15272976385693027
0 0.378206151108154 0.6172801079790382 0.09422620444869001 0.05258165691398542
0 0.42866887110802865 0.6741586038929648 0.03903032888968788 0.06088402379522195
0 0.4892532622234689 0.713157879900526 0.06058439111544023 0.1254822643529726
0 0.994391608890146 0.5336768585211861 0.01121678221970801 0.047477629155779244
0 0.9687597511129247 0.1810857468326405 0.062480497774150656 0.05234792332918203