0 0.14985244444364476 0.5499942373898491 0.1647866311069164 0.10836760727527173
0 0.20570367999995748 0.627628558193231 0.07682275554786128 0.07909087466465126
0 0.012595508242439893 0.9645552100040172 0.025191016484879786 0.07088957999196555
0 0.20322787555245064 0.7907625906507271 0.13507697777822616 0.09088896094060783
0 0.05668209777731034 0.9542243477269481 0.0800995555602842 0.08906826861406181
0 0.18688028444432553 0.7079939174864724 0.13311089778112042 0.08906826861406181
0 0.20919893333274459 0.894979019421503 0.08716287999931308 0.08753888705976964
0 0.041084159998637106 0.843890392738963 0.08216831999727421 0.1138296842549098
0 0.08748401778025759 0.1476212332258076 0.14257720888902745 0.15424905390395638
0 0.14508287999778985 0.6416478891076031 0.06772053332792387 0.07173527766544407
0 0.11264255999897918 0.7583906810849298 0.03633607110629479 0.03138873570942047
0 0.10270293333257238 0.7239431822668846 0.033496177775992286 0.040128058876792716
0 0.09855232000247471 0.6853080910978725 0.03888469333243039 0.036122535758423835
0 0.005913173334880007 0.22061592485211018 0.011826346669760015 0.04523892648678374