0 0.006561991111892793 0.030704604559182003 0.013123982223785587 0.028488313541137122
0 0.8248965688877635 0.36183296604494974 0.1545193244392673 0.24113335564354066
0 0.9948051911106126 0.31795141439293206 0.010389617778774785 0.08989176471524551
0 0.9090011022208879 0.4786125902595253 0.11199374222714042 0.13007072581679124
0 0.24344661333080797 0.7445074502578666 0.1042750577752789 0.11026152233285369
0 0.24169898666441442 0.9348068940200427 0.15786894222514494 0.10793102780543629
0 0.44238478222137523 0.9346976520890423 0.09087658666281234 0.08484456639229276
0 0.7341181469512068 0.9641261890807142 0.11583096056969622 0.07174762183857142
0 0.6112856177820101 0.8537857952119989 0.15546595555626685 0.1372806932612871
0 0.9636755911115971 0.6057326460035197 0.07264881777680587 0.10290362310768497
0 0.974816711112443 0.9629245278399515 0.05036657777511411 0.07415094432009695
0 0.9681174755562096 0.2128295240533561 0.06376504888758061 0.10844592720572788
0 0.01576069744510783 0.009497686330893818 0.03152139489021566 0.018995372661787635
0 0.2954749155582653 0.03790058838491556 0.09240575999849371 0.07580117676983111
0 0.3303464266005903 0.02184202453128048 0.08324712902928394 0.04368404906256096
0 0.5324882487611224 0.03757286259199499 0.08860216864074277 0.07514572518398999
0 0.44009702685289087 0.027413363011132896 0.13028301370019718 0.05482672602226579
0 0.3800891733314428 0.07357992417333337 0.09065813333210015 0.09649703902978413
0 0.4195564088929031 0.11068576672856106 0.0809005511096782 0.08244124391076724
0 0.22123719111291898 0.22240384814115172 0.07660430222749709 0.08316952345055484
0 0.14244835555242996 0.19458356971898438 0.13646051555665 0.10851365143733105
0 0.3359980088865591 0.42774226440118757 0.14782008888820808 0.14033946732857294
0 0.6261404444411811 0.38597543279092283 0.11104711111014087 0.1472581229572023
0 0.5511745422198955 0.34519177855946037 0.11723662222632103 0.11055283414888195
0 0.4806141155564951 0.2941757967931489 0.0882551466632221 0.09591441539788936
0 0.054039182224207456 0.39464195931511514 0.10807836444841491 0.17726323999889426
0 0.0739632355566654 0.46692370364493935 0.09196885333706935 0.08848596409147336
0 0.025676657776865695 0.3042788494920613 0.05135331555373139 0.07504555474842567
0 0.10611228444613516 0.5091639169561388 0.06189511111006141 0.06212224474904304
0 0.18031359999958013 0.5241664754769848 0.09728455110970471 0.09096211452694536
0 0.1444144355547097 0.43954039294669306 0.11985806222591135 0.12067591975277081
0 0.514474382225631 0.6221564875634791 0.1779666488886707 0.2056661420528756
0 0.18009514666369392 0.7981452383676237 0.11519772444541254 0.11514099524985122
0 0.7867036444445451 0.7826328841688698 0.09502720000843201 0.08586415774802769
0 0.08663352888801859 0.9392918567718864 0.15881557333179647 0.12141628645622726
0 0.5780807111101846 0.7620589871681713 0.1752723911156257 0.16080412239835173
0 0.7056938666695108 0.598523816495414 0.12539221332925887 0.11208222118256539
0 0.07461020444623298 0.7182165588693826 0.14922040889246596 0.1564344451593025
0 0.20139434666683276 0.6330442666842098 0.16114574221687183 0.1613139180762192
0 0.3800163555579881 0.8764352889012619 0.18969031110819845 0.1458743918314117
0 0.05939968000166118 0.851418886707487 0.0983768177839617 0.09118059838886561
0 0.7214589155589541 0.6974605919837373 0.18750577778038047 0.17070872414023963
0 0.6716151466696627 0.41885725401503465 0.10281870222340028 0.09824490992538759
0 0.8350546488900565 0.8873230680219923 0.13478570666371126 0.11142676959664322
0 0.7558481029545268 0.09911248370910275 0.18186438369254265 0.1982249674182055
0 0.9899628088913031 0.6929023910761929 0.020074382217393993 0.060570137468361374
0 0.9318542222233697 0.7627508527310667 0.13629155555326078 0.18724066969480946
0 0.274030080003043 0.825018753388043 0.05228316444489689 0.05993740612943754
0 0.7326000355546259 0.8206854901259266 0.10463914667359653 0.12089440361469095
0 0.6159095466654334 0.9203869591310512 0.09699327999518981 0.07180836262892987
0 0.685195662226114 0.8698807730426072 0.07318186666816473 0.09693400675370523
0 0.3507436088855482 0.970456177495574 0.03779242666852145 0.03954557901368605
0 0.9113312711111373 0.6596264698886412 0.0701963377702568 0.05280026663896897
0 0.8440868358127773 0.9806217206582301 0.09503276495056012 0.03875655868353989
0 0.8749951999996686 0.9620081348333422 0.06946816000466549 0.055713384798362076
0 0.9693553777773761 0.8935516422597918 0.06128924444524775 0.0743537726742175
0 0.9203970844443474 0.05049346276014932 0.09793991111218936 0.06474405109240777
0 0.8646914844452921 0.17368194692536537 0.19537009777915149 0.19809203483848592
0 0.7019073422222089 0.27156271708085916 0.1392275911134978 0.20697704522463878
0 0.5516114488864938 0.2411206323152461 0.07835192889389064 0.0904523188490779
0 0.341859840001497 0.20995026800976457 0.09313393777443302 0.09074363066502533
0 0.45283413333300915 0.1971689620854568 0.21357454221902622 0.21389570085326814
0 0.6227180088870228 0.6297670087548823 0.10143516444497636 0.1040711462441738
0 0.5982148266656118 0.5283904968081008 0.11694535111180604 0.10931475893106513
0 0.48108743110982083 0.5316313407604143 0.0873085155565706 0.08622829751792149
0 0.4117649066675868 0.525659448533695 0.08264817777607175 0.0659821263102246
0 0.45782215110957625 0.49059278869001816 0.06306019555777315 0.06255921247288321
0 0.5185521777770999 0.4643018973014937 0.12000369778316883 0.12781305924323927
0 0.4430037333371325 0.38288024474658283 0.10929948444374732 0.10552770532391065
0 0.2900864000018272 0.3615052402520291 0.14687345777120855 0.138518768479023
0 0.2578645333337287 0.29978354924993406 0.11781916444500287 0.11149959755067063
0 0.2667118933310525 0.3359426284033732 0.14614528000561727 0.13779048893915458
0 0.4546739629314591 0.9918736395488948 0.07234682363147532 0.016252720902210305
0 0.3792505700606853 0.9922377793188291 0.07791262456319398 0.015524441362341879
0 0.29827266661967666 0.9834620108636363 0.0692557682283223 0.03307597827272746
0 0.36177550222103794 0.7732016641278358 0.14286848000354235 0.11128111368866955
0 0.3049776355528997 0.849452531949923 0.06422527999513677 0.04573595510244677
0 0.2164676266670641 0.873376514833895 0.1286690133416818 0.06955069605545894
0 0.6493329066679709 0.5695018768324838 0.03742833777020382 0.02913118159393069
0 0.38373006222148737 0.47238580019383175 0.13391189333051445 0.13261970420629055
0 0.42913194667134025 0.430946694376528 0.07077887999928661 0.0750856205582977
0 0.32438357333238754 0.38011278249512304 0.16799061332518853 0.15825514400885243
0 0.24716031999948124 0.2582716154786839 0.07791502222211821 0.0825140718647136
0 0.33479651555729406 0.64542501886161 0.09560974222711388 0.09300129723849626
0 0.30486840888754363 0.6838417645885606 0.10085262222629454 0.111135457780696
0 0.2805108622182161 0.723569413487234 0.060147484443667854 0.064598395184434
0 0.12817607111194068 0.5691741510395631 0.10602268444167243 0.10596467304783175
0 0.05058872888589071 0.5209256315246711 0.0632786488884853 0.06306900815075067
0 0.15988821332963804 0.7326000797813607 0.043035306667702056 0.02862138591598229
0 0.10101503999903799 0.7659552827063667 0.06378837333371241 0.055422072982333814
0 0.045273031113255355 0.8034616790085019 0.05555996444697181 0.05192633119112677
0 0.12136760888517731 0.8373995055654029 0.054540515556517566 0.08076620096911002
0 0.6337415749258879 0.0570179263059174 0.16061936317839554 0.1140358526118348
0 0.5088674133333067 0.3158056991266363 0.07121578666071093 0.0829510395886347
0 0.6003265422251489 0.27786233510058006 0.07252650666568017 0.06794848106774831
0 0.7406099911106543 0.46976399385038603 0.0711429688976043 0.061393965209174395
0 0.6977567288869371 0.4534869461347904 0.1016536177756886 0.09802642606346745
0 0.9496698311116132 0.31325672073713706 0.04216149333450525 0.07654217963795373
0 0.977110471110791 0.3207944139745939 0.045779057778418064 0.07909115802745303
0 0.9095836444447438 0.3381274670229382 0.07427413333207367 0.16400855237369216
0 0.9788216888904572 0.7433223046586713 0.04235662221908565 0.14561611129859942
0 0.07272533333032495 0.2159949881904708 0.04551111111003491 0.04500767556257834
0 0.10214371555484832 0.23107037466534408 0.03473407999715872 0.03539438563655706
0 0.26638421333498424 0.16148326463291196 0.04733155556023125 0.04435222397665628
0 0.2057634133328166 0.12401328230775 0.09531847110225097 0.09059797475705156
0 0.22855537777456142 0.07743980573451503 0.104784782220506 0.10217761944067738
0 0.24959971555508673 0.04711332456398909 0.10740622223044433 0.09422664912797818
0 0.5534318933315161 0.1602816033921492 0.24583281778420013 0.22576665735276047