0 0.3744961422195451 0.8954888132729877 0.13027100444046985 0.1404117922223037
0 0.7154653866671854 0.8097706185397235 0.11738225778357847 0.09234551480179609
0 0.7009382399989086 0.43838579777331416 0.08060928000551126 0.1412128968460421
0 0.4216693235147331 0.98073535159327 0.2205395714690288 0.03852929681346018
0 0.2274770488859051 0.1512262040323477 0.13667896888736222 0.07916370235767423
0 0.8459548444435414 0.16870485036709243 0.07573048889430034 0.07508535154628226
0 0.4215000177785341 0.45994279491949125 0.09641073777650794 0.14922394308269904
0 0.34860942221971025 0.4675168749978483 0.07325468444161948 0.14674780151862243
0 0.2529268622191416 0.45957865645417395 0.13529543110893832 0.11790803506638259
0 0.27062158222413724 0.33147474435923074 0.20039452444761993 0.15767195547781765
0 0.24644607999879453 0.2225245155394514 0.15990784000605343 0.08935957938631556
0 0.3329900088875244 0.13695197619231425 0.0683758933407565 0.05877194830055288
0 0.5759465244443467 0.5573862482355677 0.09815836444290149 0.06547209606222926
0 0.6016147911134693 0.44552291169333086 0.06764771555446913 0.15810892163619827
0 0.595607324446448 0.34061461983839153 0.06320583111503053 0.05345552670704168
0 0.5311271822235236 0.4553182364100627 0.08905614222296404 0.1510446354093259
0 0.5160903111100197 0.3621352031380571 0.09961472000512811 0.04173026812410796
0 0.5078254933313777 0.317855965756728 0.09182321777981195 0.05440228671682623
0 0.42517731555530597 0.3402868952196666 0.07740529778723915 0.09533145021735745
0 0.4184416711123453 0.251692006610497 0.1230620444441835 0.0885584747626581
0 0.405261653335765 0.16877767806015587 0.12699420444874304 0.09037916708912319
0 0.5391735466662795 0.14729350860704227 0.03932159999385476 0.07901804697154713
0 0.4997427199967206 0.1455092301270482 0.03662734222080971 0.07515817923930523
0 0.6460700444463227 0.2017322091704204 0.05606968889219899 0.07413859153649771
0 0.5952432355533044 0.20508228305121823 0.04296248888389931 0.08113005007034713
0 0.6268461511108196 0.13414811000943178 0.096410737776508 0.056514289815626007
0 0.993428622222402 0.13521943905440809 0.01314275555519595 0.07214158883267208
0 0.7192519111093134 0.12792134225272855 0.05272007111666932 0.08105722237732405
0 0.7642897066660226 0.2540224927884468 0.04172458667308099 0.08273225931774308
0 0.7133900799995495 0.24291626959661317 0.055705600004229305 0.05818932675604516
0 0.7031227733319004 0.31931251961795676 0.05468615111377506 0.08498991780258913
0 0.6852824177748214 0.5498121681572106 0.06298737777397034 0.04595427432170773
0 0.8308087466698554 0.5494480296918933 0.07806065777937565 0.0701330684180479
0 0.8235997866683951 0.4475256732525153 0.0656816355573634 0.12453535513495495
0 0.7656368355577191 0.43783959007535844 0.04398193777435355 0.14332489994476116
0 0.5827549866659361 0.8442545312043208 0.10594986665786965 0.158691543180706
0 0.47851633777738445 0.8160338001430192 0.08883768888190385 0.08535405626786596
0 0.48412330666453474 0.9485437876681602 0.08446862222626805 0.062122022181310244
0 0.4808829155543612 0.8882424578133554 0.08410453332795031 0.061102434478421785
0 0.9589858133345842 0.8356401546781244 0.08202837333083157 0.09610114463781305
0 0.9494466844428744 0.9418569271987784 0.10110663111425111 0.1162861456024431
0 0.8356875377758923 0.8309998910671352 0.10500323556156621 0.1299974321145122
0 0.835828398142217 0.948581925106663 0.11212982739218413 0.1028361497866741
0 0.7184554154881173 0.9606713221548735 0.11753689319723182 0.078657355690253
0 0.716921742224238 0.8884245270459941 0.11694535111180615 0.0664188560720137