0 0.968958151112828 0.14227131155677358 0.06208369777434397 0.062291971069741714
0 0.6017725008229415 0.059823089814553976 0.06739538386464117 0.11964617962910795
0 0.489504426666018 0.08167143239725083 0.14650936888323884 0.16334286479450166
0 0.3743349188524816 0.0522489977192514 0.09107865548382205 0.1044979954385028
0 0.2841799410060048 0.0608426791351081 0.12077517089330489 0.1216853582702162
0 0.17172764443999364 0.42475828379622577 0.10791594666532345 0.03998246692627261
0 0.0877934933329622 0.6952407649697175 0.1755869866659244 0.2836643145317612
0 0.21960533333217933 0.6427683288670003 0.06575445333081814 0.06583633898241326
0 0.055862897779378626 0.07464354886647018 0.11172579555875725 0.14928709773294035
0 0.9752568888891902 0.07911800545386183 0.04948622222161958 0.05979263349907904
0 0.1780263822215299 0.12234080854767493 0.048423822224140156 0.06918641817843896
0 0.9830483911093324 0.010757849644880746 0.03390321778133509 0.021515699289761492
0 0.5296448368527409 0.01572585170186036 0.07867882925396169 0.03145170340372072
0 0.20307683517328567 0.04543959761430383 0.06706744813256793 0.09087919522860766
0 0.02808291555589272 0.6588632745695485 0.05616583111178544 0.12191375161127449
0 0.010934328888025549 0.3670748090693104 0.021868657776051098 0.07562803213237534
0 0.19189816888732217 0.38481223077419807 0.14345102222222422 0.07603223218771216
0 0.3961156266689715 0.42115330727004135 0.05308416000463895 0.07399305354668473
0 0.02273080889135599 0.9072096953106076 0.04546161778271198 0.16037402132617262
0 0.3452124453046256 0.9923110312386104 0.051183788395590235 0.015377937522779161
0 0.3650224355566833 0.7211674648344693 0.1007069866690371 0.5333180424431104
0 0.20715349333153832 0.6873025338313599 0.06298737778431837 0.021484203539641755
0 0.2065345422209551 0.7058736250266017 0.06291456000051565 0.019736336133058474
0 0.20595200000227326 0.7234979547099811 0.06291456000051565 0.019736336133058363
0 0.2053694577732434 0.7415592512449862 0.06291456000051565 0.020464614219168564
0 0.20475050666783418 0.7611863456650675 0.06298737777397037 0.02286793190321057
0 0.20402232889189487 0.7822335823530837 0.06298737777397037 0.023304898754876735
0 0.2076996266634928 0.802297643624831 0.04980736000256408 0.01726019064036488
0 0.2071899022234397 0.8179556224757536 0.049807359992216055 0.017405846257505964
0 0.20660735999958385 0.8351065714031414 0.049952995549473495 0.020100475175992116
0 0.20602481777572798 0.8541510433543749 0.04995299555982152 0.02119289230519772
0 0.20529663999978867 0.8752346939466764 0.05009863110673096 0.024178832458127908
0 0.204532053337122 0.8974471755723473 0.05002581333327624 0.023450554372098642
0 0.20384028444273605 0.9188949652077039 0.049952995549473495 0.022649448477337075
0 0.20318492444542546 0.9393595794267915 0.04995299555982152 0.021629859156863773
0 0.2024931555562135 0.9597149519329828 0.05002581333327624 0.022430965051544405
0 0.20172856888837284 0.9819274335586943 0.05009863111707902 0.025344077395904052
0 0.8625863111112266 0.566444785444844 0.03589916443452246 0.11069826908550218
0 0.8702685866660128 0.464267369966547 0.034952533338219016 0.09686098544981447
0 0.8381923555551718 0.6866106696495755 0.07478385777730079 0.04165750652428546
0 0.841396337778618 0.6447346796994167 0.07565767111049759 0.05301864466727968
0 0.7016954311117944 0.6500875236321846 0.11490645333089755 0.10596446152590777
0 0.7055911822244525 0.5853800156831408 0.11192092444333768 0.03990963911770207
0 0.7082854399974976 0.4868439906353135 0.1311448177736666 0.17289321763760768
0 0.8064073955536717 0.5579603457418836 0.10500323555121815 0.29691897569856096
0 0.5194689422224958 0.40713395411284625 0.18561251554638142 0.06401564376717839
0 0.150646897777915 0.5495487338475746 0.05366670222332079 0.04253144022753663
0 0.16608426666611598 0.5079640551318598 0.07492949332421026 0.055931757011639216
0 0.22568561777782936 0.5412099497618766 0.05956494221463801 0.0485761483421292
0 0.23722723555337222 0.5053422540219847 0.046530560000489135 0.03699652677334242
0 0.24166912000315885 0.4772671338032283 0.045802382224549854 0.03226271921382884
0 0.24669354666645327 0.44354785841730054 0.04871509333865509 0.04376951297388343
0 0.21844024888964164 0.5870550552811536 0.0737644088971946 0.04908594300244684
0 0.1661570844447447 0.46015259878012593 0.11119274666739834 0.06139384265734371
0 0.05416334221760432 0.8873605240800255 0.06065720888889499 0.08149431783333594
0 0.02833777777850628 0.9689697185794486 0.05667555555701256 0.06206056284110295