0 0.013770951113353172 0.7737146432318261 0.027541902226706345 0.03611979882572913
0 0.08765297777847283 0.811477214769964 0.07128860444451371 0.06532649242403799
0 0.10094222222040926 0.86984865699726 0.0796626488885118 0.08681067889573013
0 0.08233068740098841 0.016929453060612665 0.09897254520199364 0.03385890612122533
0 0.055823217777328356 0.3586342605973817 0.11164643555465671 0.09751635825621952
0 0.189961955556646 0.052760706430350635 0.11454236444292798 0.10552141286070127
0 0.9572952673718748 0.016128347802363996 0.08472793637257481 0.03225669560472799
0 0.7807689955561525 0.08072656271890688 0.161655466672447 0.16145312543781376
0 0.31022552226980527 0.03160424483702934 0.09581818212237625 0.06320848967405868
0 0.5441117271418787 0.01663814205759845 0.08175332412744563 0.0332762841151969
0 0.011331555557747681 0.2614068163709576 0.022663111115495363 0.06185497753568614
0 0.848744391111864 0.207043297408245 0.07958983110470907 0.10108491804302244
0 0.9737608533352613 0.1756974319194311 0.05247829332947729 0.0769659701248393
0 0.49747143110984726 0.03921174580147002 0.051336533338245394 0.051343564279759946
0 0.07293539555329416 0.20835419692172813 0.14587079110658832 0.11521350168880773
0 0.575131591114526 0.05774640836770378 0.10165361777568849 0.0862280568897017
0 0.1264284444403731 0.12645939120172145 0.08665315555408595 0.05309143029784513
0 0.7767640177729643 0.22637906523272744 0.08417735111175317 0.09678808074876488
0 0.1807505066713525 0.16345588858347587 0.11330446222176153 0.09780766925915285
0 0.021671679998851483 0.025778024776906716 0.04334335999770297 0.05155604955381343
0 0.0387838577799913 0.10929538538799966 0.0775677155599826 0.13616175288173515
0 0.9568307199981063 0.06878053961951852 0.08633856000378726 0.08586246411006548
0 0.3559799577730397 0.9869233425351517 0.13957861777808928 0.026153314929696636
0 0.9388083200022164 0.7585314399736259 0.12238335999556715 0.13931948718754694
0 0.6542481066659093 0.1418624604856737 0.11527054222921529 0.10924162612717792
0 0.6123414755540175 0.7596966839856424 0.11199374222714042 0.1056730663403751
0 0.27781660444517103 0.8895485635755507 0.15044152888779838 0.18709449168050385
0 0.6733627733308822 0.6839922370795262 0.034078719994674045 0.03335510984415757
0 0.6463109688885096 0.20555032851781735 0.08774542221799497 0.060228549871450876
0 0.13873464888893067 0.5133204031934838 0.10733340443629356 0.09882725776970269
0 0.32445639111101626 0.23293356280034522 0.0809005511096782 0.09037923868253295
0 0.6277060266635899 0.10330016646277845 0.06014748444366791 0.06153944938501488
0 0.1988093155539698 0.29560184232197956 0.08097336888313295 0.08812157840929402
0 0.539268835551209 0.6941517083093438 0.08891050666570666 0.09314669321116809
0 0.4394356622257166 0.3115147058611662 0.09764863999767431 0.10275995631031376
0 0.6592725333343777 0.06237097054045343 0.04696746667226148 0.0479934877451772
0 0.8408561782238798 0.9884527253009359 0.051055268167207624 0.023094549398128272
0 0.6229728711096363 0.9443555222209323 0.12116878222053251 0.11128895555813545
0 0.978712462219927 0.6474843704541413 0.04257507556014595 0.08947480492058746
0 0.8657837511143751 0.5663754196159321 0.07143424000177123 0.06860374120782675
0 0.7306339555575202 0.40684623159486005 0.04725873777642842 0.0538197078053807
0 0.6787512888873203 0.7446941673308954 0.06670108444781775 0.06547214792554512
0 0.5296568888860445 0.8071075497248721 0.04594801778180735 0.03779760264000309
0 0.6476945066669335 0.7102830551008315 0.04492856888100505 0.04515320546590995
0 0.8769612800019483 0.6643651582520295 0.04805973333617053 0.048867420754219904
0 0.40320881777960393 0.2139983476049871 0.10558577778024802 0.12256910451471448
0 0.55791018666803 0.589716713731779 0.08279381333332925 0.07625065503674766
0 0.8287559111085203 0.5346953480390657 0.09306112000097833 0.07064291822892621
0 0.760197973334127 0.844795910738765 0.07289059555364985 0.06627325318379373
0 0.09984995555132628 0.9343376302876524 0.08781824000179768 0.07188098999169612
0 0.25498823111152485 0.2540900243936665 0.08599779555160139 0.08418887986868306
0 0.4853836799971759 0.37010463134072286 0.05366670222332076 0.05534909057108417
0 0.4402002488883833 0.03207762521690721 0.06961379556192293 0.06415525043381443
0 0.713485368889653 0.7803433513237292 0.07587612445155789 0.06918636321385518
0 0.7152329955560466 0.25529168228103954 0.08548807110637424 0.10057512378778799
0 0.6155090488907363 0.6588666630702776 0.08337635555201106 0.08812157840929413
0 0.5339916167366836 0.9652570866865959 0.11243478902098208 0.06948582662680813
0 0.9159551999997348 0.6349427469484425 0.09473592888356908 0.09780766925923379
0 0.5606408533329765 0.14838054417789442 0.11883861333545709 0.11222756390803335
0 0.42330652444312966 0.7274704042781447 0.10354687999933959 0.10778507111210689
0 0.6628770133376949 0.8597620135181555 0.138062506665786 0.12431697053271895
0 0.8622156799977851 0.9553525125843956 0.11439672888567054 0.08929497483120896
0 0.7871324815476934 0.9904190745712413 0.04242436033156183 0.019161850857517204
0 0.9177028266713023 0.41347355691323134 0.1474560000002385 0.1304345015958558
0 0.6752924444412606 0.2676359860334233 0.06575445333081809 0.10079360704000817
0 0.24654136888889802 0.7779036216735458 0.13172736000269653 0.1039252003222898
0 0.21155242666912577 0.6985213733544356 0.12262513777241113 0.08979661667650451
0 0.260485973333319 0.14594081452775143 0.11374136888318595 0.10210450655349135
0 0.3514717866666615 0.9425307522472453 0.10551296000679333 0.10108491804302244
0 0.7414109866652223 0.8136620472924898 0.08221127111464732 0.06867656895862062
0 0.6616755200032558 0.4634333939287141 0.13172736000269658 0.10407085582379683
0 0.79595150222174 0.6106911059481558 0.09808554665909874 0.10319692281483506
0 0.7505132088903337 0.9152567595907871 0.13158172444543903 0.1120819084065261
0 0.9224341893723855 0.9873238951643164 0.05315116204114423 0.0253522096713672
0 0.499728782221468 0.6221978905669343 0.09094940443626714 0.0846986741239174
0 0.9812246755541613 0.8531420785754162 0.037550648891677474 0.10512798375693544
0 0.1825345422192994 0.6122933164647341 0.15007743999982875 0.16102215691145916
0 0.32988131555418176 0.10985466403039623 0.13660615111390745 0.14907840578819975
0 0.3988761600003474 0.4271651740544952 0.2879943111083574 0.33012819415636063
0 0.08324750222058759 0.4397643749345367 0.14010140444669458 0.12286041551772864
0 0.5400334222242237 0.8726525254011708 0.1178191644450029 0.12606483655080425
0 0.7289591466645814 0.5323284461395954 0.10027007999726467 0.12286041551772875
0 0.8104422399981155 0.4354311237648013 0.11366855110973118 0.1287594633286453
0 0.36949418666772543 0.668734823297081 0.12553784889686437 0.09431193722314402
0 0.6041130666672769 0.32400466511505716 0.12597475555828874 0.11798095621736182
0 0.9489663999993354 0.5451825441472541 0.10206720000132918 0.13429437238567288