0 0.9785966933342731 0.07902599737493499 0.042806613331453636 0.09989736425609408
0 0.7715475178996307 0.029489289605886704 0.12225493752501071 0.05897857921177341
0 0.8164730311112685 0.21377445747241786 0.08060928000551126 0.07566827452970926
0 0.9219131733342592 0.273456989692887 0.09823118221635618 0.1173987088949151
0 0.8691931022227639 0.29661628834583675 0.12794083555539448 0.15352138855488273
0 0.7283999288920313 0.26162244242525573 0.1304894577815301 0.10144938057728903
0 0.7489345422221554 0.32272512031782113 0.08344917332546575 0.09897322914907447
0 0.7963753244425688 0.3011316233033428 0.08847360000428228 0.10079392872864157
0 0.36492999111198715 0.08982123009078602 0.14993180444257126 0.1141214496515972
0 0.5858955377764585 0.11239790487827594 0.1358779733276202 0.12941532612057594
0 0.5227989333319581 0.14833851458025454 0.09327957333169051 0.111863782172824
0 0.4650544355519944 0.28201427771715987 0.10915384888648993 0.09139911889773222
0 0.40170296889005436 0.15707787256255695 0.17119459555380878 0.15352138855488284
0 0.5941933661440595 0.03801016363858606 0.09335918771103024 0.07602032727717212
0 0.5183420367383709 0.0375003677562733 0.09942629096201722 0.0750007355125466
0 0.6888167636365526 0.06819736266895132 0.14484796606832084 0.13639472533790264
0 0.3977708088906689 0.057819375064989964 0.23585678222071793 0.11563875012997993
0 0.8587036952221145 0.01106380985996519 0.04992477543031182 0.02212761971993038
0 0.08777120088020132 0.05701826724996745 0.17457286935920519 0.1140365344999349
0 0.05221219555371338 0.42410167291196305 0.10442439110742675 0.1339306610779606
0 0.1485501155567666 0.2598381568371812 0.2971002311135332 0.28534003812060693
0 0.1407240533321682 0.4676528068568574 0.14614528000561727 0.13596984460729256
0 0.2714319644444105 0.35873855800302773 0.13857223111101324 0.13939275981698562
0 0.19970645333329834 0.43524435433937336 0.15342705777535834 0.15009847334518978
0 0.03906858666903443 0.558611861225041 0.07813717333806885 0.15140318378171858
0 0.9417508977775773 0.522929246094622 0.11649820444484549 0.18039491435031607
0 0.13828465778173674 0.7904992563179548 0.23563832889000577 0.21141963518731788
0 0.4462310399963624 0.7247720014930413 0.12131441777779 0.1073484472153583
0 0.7745299911074754 0.8680974724020327 0.11628999110932148 0.13181864956564338
0 0.7505001244445642 0.7096237809905186 0.2121181866567996 0.20785106401124975
0 0.980672000001909 0.9453262134765122 0.03865599999618197 0.07884319523016603
0 0.4184510577780505 0.6842796428419832 0.11250346667236749 0.09482203410742529
0 0.650375680004557 0.9315306457565589 0.08891050666570666 0.08870448351991456
0 0.9604650666678531 0.9702442438441715 0.07906986666429372 0.05951151231165697
0 0.8138151822249509 0.4082251725775649 0.13689742221807433 0.1371350923382123
0 0.9763757511093798 0.43117802633449737 0.047248497781240295 0.09886722306356488
0 0.5322652444450391 0.841551672530923 0.11468800000018542 0.11018873855963185
0 0.836243057773552 0.826876833919099 0.13718869333258943 0.15206482889121287
0 0.05763712000205285 0.9117942623133022 0.1152742400041057 0.14551031040449613
0 0.8396654933328844 0.631479355032514 0.14971335111185902 0.16502820989827127
0 0.33761794404126705 0.9885968956069056 0.04560322162384789 0.022806208786188997
0 0.8689382400001503 0.18194862882035323 0.09757582221387162 0.11266488998792723
0 0.9082547200015849 0.7669758177490674 0.18349055999683006 0.1956887908192948
0 0.24904049777736265 0.6316614249904626 0.17898609776877691 0.1463114182195996
0 0.39544660450580216 0.9696252059870977 0.10086455122671195 0.06074958802580466
0 0.16486314666560956 0.9235195676061723 0.1242271288815472 0.13458611292668887
0 0.08876942383746306 0.9894708314051155 0.045274158919023144 0.021058337189768905
0 0.21076392012441325 0.9820423771202292 0.07391696552642515 0.035915245759541525
0 0.9142318582369222 0.9866669540524964 0.0544095555527343 0.026666091895007127
0 0.37024568888979653 0.6334457105784967 0.16056319999819002 0.1511908930929624
0 0.2444529777806666 0.9086626590362784 0.15087843555957078 0.16298902636902013
0 0.5736621511117037 0.8838283167700962 0.11694535111180604 0.11346599780294975
0 0.9017062400002033 0.5791888631053577 0.16223800889112883 0.17580675140962254
0 0.3419923911129849 0.7907177402675175 0.15808739555585716 0.14820494578239463
0 0.9299231288851135 0.1281651632379534 0.12517375999854674 0.10123089662776674
0 0.2709222400043574 0.7128282122506491 0.15619413333220614 0.15526926015130282
0 0.9599189333358986 0.68545707582254 0.08016213332820266 0.16483290925477279
0 0.5192785889065514 0.9910366330436273 0.03586787098190847 0.01792673391274524
0 0.45675320889179905 0.9514546241823527 0.12095032888982032 0.09709075163529446
0 0.4984049777759032 0.9244299173959559 0.10973639110517164 0.11048005049230114
0 0.033206755554096565 0.9476928621712473 0.06641351110819313 0.10461427565750558
0 0.606552825614603 0.9710089376676205 0.10757875344198609 0.05798212466475905
0 0.1867586440251519 0.016817220531618937 0.06499876527943546 0.033634441063237874
0 0.015147946666305263 0.07625680393795597 0.030295893332610527 0.06786673006102006
0 0.5085630577730222 0.7861295773268238 0.08592497777814667 0.08149451318455048
0 0.6897336888903132 0.9711910076255691 0.07922574222708734 0.05761798474886182
0 0.7168583111113145 0.35007202800395326 0.08381326221343544 0.10647451141710784
0 0.44095175111045437 0.22903191994974215 0.15430087111890312 0.12264232368433703
0 0.05377962666356729 0.6205187435631332 0.1040566044445667 0.09474920612427817