0 0.5329893697984517 0.039539083626655425 0.23098040707409379 0.07907816725331085
0 0.5430758400044093 0.09295188693265999 0.22813809777920446 0.09169035735581921
0 0.34905947011688515 0.986083504696677 0.06169569340224068 0.027832990606645902
0 0.1725810965212683 0.986229160546333 0.0686486260758506 0.027541678907333944
0 0.6270347377802763 0.41514262636241595 0.15925248000356884 0.12985218996455705
0 0.9303117828598867 0.8726175978178935 0.09096740317634411 0.254764804364213
0 0.3865904355576883 0.6144362426485064 0.21182691555263267 0.18250677961370243
0 0.9421536711148091 0.5582859126076982 0.09553692444331119 0.3800161117415676
0 0.895538131840941 0.017654292216469247 0.12177564743906255 0.035308584432938495
0 0.6851691583430188 0.05803737653244084 0.07152820774871438 0.11607475306488169
0 0.622920533336906 0.8160239385665777 0.46909212444184556 0.3661788060246526