0 0.47650360888801513 0.10300214055860002 0.16078165333925026 0.10931471516362823
0 0.9079125333318694 0.27866309523867294 0.08148309332836012 0.22540242733621962
0 0.8684817066674846 0.0562466128203607 0.14141212444131568 0.10144929928244717
0 0.06865920000192192 0.06796913334974486 0.13731840000384385 0.13593826669948972
0 0.9451999288880163 0.5964584599824647 0.10960014222396741 0.1135901331965441
0 0.7658086399961677 0.6090469762113965 0.23636650666594505 0.10050253625972361
0 0.29580629332922403 0.7976348875480546 0.10507605333502096 0.11688881934557804
0 0.21071871999754674 0.12790929084904695 0.11738225777323047 0.12577382617435096
0 0.1880723911130594 0.04983775543569918 0.12175132443921435 0.08251403882773423
0 0.8877055999978135 0.46765156016190523 0.05810858666275931 0.1310174367618051
0 0.8606902044473423 0.47460662698279693 0.06000184888641036 0.13152723223556062
0 0.9140292266694208 0.46087856315306325 0.05861831110798654 0.13116309261146097
0 0.6095780977772343 0.4295261415155206 0.14512583110481503 0.08287817845191459
0 0.5584236088881476 0.3018223753332883 0.14621809777907202 0.08557281167042918
0 0.5709482666674173 0.33306555508364966 0.14548992000313266 0.08367928562498217
0 0.5461538133314914 0.2712346469064599 0.14498019555790564 0.08236838297807825
0 0.5343209244414336 0.2416665094271021 0.14534428444587527 0.08353362977532619
0 0.8315995022240612 0.2997831934381853 0.06808462221589351 0.13626104734925903
0 0.8246454044452144 0.9019973038235811 0.13704305777533188 0.1062559423210141
0 0.9791694222225082 0.06287616885410191 0.0416611555549834 0.07159427985304967
0 0.9772761599988573 0.29037812732068224 0.045447680002285384 0.084678348942544
0 0.6914616888906393 0.10846423492053797 0.2137929955497384 0.15650721045079508
0 0.6212289422181332 0.4586208974834763 0.1448345600006481 0.08207707127884711
0 0.039131591112042466 0.17974512220301703 0.07826318222408493 0.10010309439148968
0 0.02533262221970492 0.41215061398656083 0.05066524443940984 0.07390820878237792
0 0.027917653332567877 0.5051315550203477 0.05583530666513575 0.1137772736491155
0 0.10604316444239684 0.6380689042545241 0.08148309333870808 0.12169546238406403
0 0.04011463111059533 0.6582422394312726 0.08022926222119066 0.11907365709041795
0 0.08754744888800714 0.7468738239443967 0.052938524447381494 0.0784356750374473
0 0.04265528888855544 0.7601285062627281 0.04558392888348964 0.08280535052704618
0 0.01084968857984576 0.9895792450882996 0.02169937715969152 0.020841509823400828
0 0.5982755694486614 0.988413998291092 0.06970120387979684 0.02317200341781589
0 0.5347214222264787 0.9510168588929875 0.19274865777956118 0.09796628221402504
0 0.5028272355544484 0.9023614434476807 0.19012721777997083 0.11281045555529112
0 0.49303324444529906 0.8621240149813651 0.17112177777000598 0.09001531508481564
0 0.4753385244454774 0.8373625205405741 0.1750539377745654 0.09336539962682266
0 0.5046840888913721 0.7896966437420051 0.09320675555823582 0.06401574592198922
0 0.48604273777455087 0.7606018877740899 0.11257628444582218 0.0738475157734857
0 0.3855026134393281 0.9593920702479645 0.10038535131348503 0.08121585950407106
0 0.055653262221150926 0.898392321544656 0.08017237333373892 0.11215500423187952
0 0.11929599999760589 0.8756700089990085 0.08119182222419316 0.10982451063746468
0 0.17015921777735155 0.8482138813396222 0.05155498666895761 0.07443013917210961
0 0.2156339200006591 0.7974892316983986 0.07347313778267966 0.06226787572611736
0 0.16596072161984113 0.9603024193082942 0.19461897212184137 0.07939516138341163
0 0.2527345777799686 0.22036434141553984 0.15364551111641858 0.11870951746623759
0 0.2719584711102976 0.3045170085518838 0.161655466672447 0.1212584948350961
0 0.11299726222124365 0.28164904015653985 0.13252835555209053 0.11179086460769916
0 0.1260316444405665 0.3565161468775771 0.15422805333510042 0.11149955290846802
0 0.2759998577802132 0.3754514073323305 0.20833166221984561 0.10611028647135812
0 0.3370939733305325 0.43466051021579327 0.13959168000146743 0.08047485693263112
0 0.3505288533349004 0.46411940580780797 0.11854734222094221 0.07399317162314167
0 0.37273827555796335 0.5075248490040809 0.1580145777824024 0.1028330298542196
0 0.12089799111191597 0.4287978622672811 0.09459029333665966 0.06627341159153577
0 0.20806087111122906 0.49605445084397465 0.12386304000392556 0.08324231807601412
0 0.21031822222284974 0.5348353208137707 0.1541552355616457 0.09409367887510256
0 0.20609479111412332 0.45639964577628306 0.17862200889115531 0.09758941926676556
0 0.4150818133364535 0.5869437010267262 0.11454236444292798 0.06940501235909924
0 0.4312109511138664 0.6517241401593489 0.12903310221930342 0.13123592053632938
0 0.30738432000184224 0.6201896487097565 0.11162965333917074 0.08287817845183376
0 0.34313784888428117 0.6957122067542052 0.10944512000100481 0.1000655687108365
0 0.2716307911090553 0.712535457388987 0.08323072000510162 0.08710219809177666
0 0.20292721777740452 0.7522995043439005 0.06306019555777309 0.05097954737814181
0 0.5216870400019817 0.21016843193990342 0.14643655110978415 0.08637391884349666
0 0.5837277866693007 0.3650006001197758 0.14672782222429914 0.08695654224212068
0 0.7640610133349481 0.5000235727469994 0.0744197688893311 0.12803149184397844
0 0.7842679466690041 0.7269918004669198 0.164349724445492 0.0986818381391451
0 0.7577622755534119 0.7930467282840121 0.11789198221845765 0.0702789474569544
0 0.7772046222196272 0.8328836031637938 0.1556115911135244 0.09984708493631211
0 0.8394036313622362 0.9672939000915797 0.13699549382759468 0.06541219981684065
0 0.008511715553080041 0.9339792320374799 0.017023431106160083 0.06359971680369791
0 0.010878293335230814 0.7629615809816116 0.02175658667046163 0.06589484326886219
0 0.8278493866686606 0.38513752133413054 0.040632319998823885 0.02760178350904241
0 0.9422461155543311 0.45363218463294047 0.06189511111006141 0.13196419978452856
0 0.5970534400031384 0.398319375727634 0.1465821866670416 0.08644674676828434
0 0.7590365866664797 0.6722980289226714 0.1948603733235763 0.08353362977524526
0 0.8131037866644975 0.8581548930783809 0.13784405333507388 0.08542715582085403
0 0.3648739555540184 0.3890338153123273 0.050972444439927767 0.041511917150825806
0 0.3195812977798697 0.4061483776464212 0.0566522311108808 0.04792077453544685
0 0.20361898666661649 0.7053254928312176 0.06735644443995423 0.060155865906145856
0 0.21825536000024942 0.6474637065570121 0.07318186666816473 0.060374349680670125
0 0.3534051555519303 0.6616287379356733 0.05541432888971437 0.061029801004162665
0 0.19433471999752025 0.5947362889830793 0.09568256000056863 0.08222272712842238
0 0.4649619911124723 0.7310701642571662 0.08570652443708648 0.05920910288350323
0 0.41966933333314954 0.8251638431322689 0.09211448889432683 0.0613939406282622
0 0.2868861155532714 0.9210053922031625 0.09670200889102284 0.11149955290846802
0 0.35278620444134706 0.8801489263757887 0.09815836444290149 0.10465372797479822
0 0.1724132069903943 0.022643005067045474 0.12379694601727856 0.04528601013409095
0 0.12027903999615874 0.15966226607312334 0.1312176355574694 0.13058046921283706
0 0.9892546844461726 0.15035180049814278 0.021490631107654812 0.03811202228930921
0 0.9861963377799838 0.18930065889691272 0.02760732444003222 0.04347312596026742
0 0.9834292622231361 0.22787804876473383 0.03314147555372782 0.041973746883937846
0 0.9869973333345519 0.11465678826570525 0.026005333330896163 0.03343237696493806
0 0.9775310222214708 0.016558191353446716 0.04493795555705826 0.02469426164242705
0 0.8727415466681123 0.16552491402163555 0.1457083733338448 0.12016607596279749
0 0.9809898666675306 0.3508355687411551 0.03802026666493874 0.03648679033781532
0 0.9829923555565376 0.39655324108737344 0.03401528888692462 0.053710709485514485
0 0.9879439644463774 0.43576563850843614 0.024112071107245114 0.031072105060097832
0 0.9906382222245964 0.4652892647100999 0.01872355555080707 0.030287192517549855
0 0.9879075555544761 0.5021866856578527 0.024184888891047862 0.03980749662284622
0 0.6667764622200694 0.5722324602118753 0.14476174221684535 0.08193141542919102
0 0.6554168888885115 0.5439388114169873 0.14461610666993596 0.08156727580501077
0 0.6441665422223095 0.5157908184717955 0.14454328888613321 0.08149444788022309
0 0.63277055999885 0.4873515138272919 0.14490737778445084 0.08229555505320985
0 0.8043292444458023 0.489172211947911 0.06233201777148578 0.13210985563418454
0 0.8330922666626672 0.481743763615698 0.059273671110471104 0.13138157638598547
0 0.5096721066679392 0.18016332691165848 0.14425201778196622 0.0805476848574187
0 0.4976935822206239 0.1503038777330291 0.14636373333632946 0.08608260714426552
0 0.9544113777784837 0.6880058127104468 0.09117724444303243 0.1012040835323893