0 0.2895570488905327 0.3390014873556525 0.29716935111209747 0.12438999621043734
0 0.39831040000232554 0.5072338592795649 0.10369251555659703 0.2279512225635938
0 0.8106046577760329 0.47828478229265187 0.10369251555659709 0.0769790550318471
0 0.8673297066655423 0.7028130951244829 0.15524750221520656 0.1841816747167141
0 0.8246948977777113 0.5732523203830635 0.10128952888771892 0.09766216915585646
0 0.10609407999759747 0.574721233266007 0.21218815999519494 0.36059547880413145
0 0.842963121790025 0.050354353865047274 0.18635876975539656 0.10070870773009455
0 0.8688588800012238 0.17502954562979456 0.18757859555383527 0.08338790729563827
0 0.9769550222230868 0.7099960245380206 0.046089955553826334 0.10077499832081394
0 0.3415125333290133 0.8147859400738551 0.08228408888810212 0.13298368447314168
0 0.49402936888962157 0.8466845456594585 0.07798783999557296 0.05884491624005139
0 0.4566010311090698 0.8061194239444341 0.1601262933367656 0.19678089564442947
0 0.8881537422227364 0.3664031336008676 0.2236925155545274 0.331330056401655
0 0.04678400000039902 0.3296571458075295 0.09356800000079804 0.08050287125892241
0 0.8577177600003779 0.8391832753961704 0.13340216889563528 0.09729802982263691
0 0.7254442666657269 0.2520814285282776 0.07289059555364985 0.06270479317162903
0 0.8127527822222975 0.3724658920738252 0.07085169777274125 0.06620053077006793
0 0.8968573155554218 0.580170967713265 0.049588906671851896 0.06416135050434568
0 0.9572596622268772 0.5754371563820979 0.07267214222293761 0.06984192410177847
0 0.2696413866658178 0.6225567860941044 0.08024519110719364 0.075231186232668
0 0.47931465487927194 0.990271082266095 0.04453727714717387 0.019457835467810214
0 0.3506655954755843 0.9548403251487952 0.10699817761778835 0.09031934970240951
0 0.18219477337164183 0.9419133788213198 0.09977543119134175 0.11617324235736048
0 0.062211723946448826 0.9584817184805059 0.07855393677535984 0.08303656303898832
0 0.07299840000147621 0.8466094637326067 0.14599680000295243 0.06131655558523752