0 0.1009767822196914 0.6198128255662958 0.2019535644393828 0.1522425688895539
0 0.2644642728950001 0.9738498721466264 0.10988873420283199 0.052300255706747234
0 0.262428728889467 0.8595781309055208 0.13434880000228683 0.17027134884347261
0 0.14195171555814645 0.8566650197191057 0.1253922133292589 0.13516835904765412
0 0.12891733333364958 0.9616876329435385 0.10645959111344484 0.07662473411292292
0 0.021204906665823527 0.859731731348018 0.042409813331647055 0.1519028586029395
0 0.07108508444701632 0.2579070145739988 0.14217016889403264 0.10204054865523782
0 0.28187107555568214 0.27673741029221427 0.24954652444769937 0.10589159162458495
0 0.17774165333248676 0.06976086050045344 0.0940077511076298 0.09933709145530256
0 0.10570993777881894 0.45578639154623474 0.2114198755576379 0.16349459541177713
0 0.012284728889870975 0.969056547045263 0.02456945777974195 0.06188690590947399
0 0.07674339555410875 0.05821765742446716 0.0709973333403468 0.07843551869309073
0 0.18592245957503717 0.01041029628470802 0.08735894581509962 0.02082059256941604
0 0.010864894966491394 0.009609190708473159 0.021729789932982788 0.019218381416946317
0 0.07279630222150849 0.1681332414909515 0.14559260444301697 0.09136193435128648
0 0.288024177779961 0.1912011830823201 0.24277447111283737 0.08848575228603883