0 0.7259007999983926 0.6433229260479817 0.1273582933263646 0.18898786349421504
0 0.5629346133364985 0.7191001406783466 0.15459214222307005 0.20974375601669404
0 0.46423011555646854 0.7148033067877239 0.15160661333551007 0.26887984278260446
0 0.7955145955551416 0.5302215187236661 0.08803669333250985 0.12052983201658618
0 0.3262404266693112 0.49948823225177635 0.09641073777650794 0.10392511799860282
0 0.9446818133350462 0.483975933629745 0.08840078222047953 0.11921893354144397
0 0.3730258488924139 0.8162886970687211 0.12619320888900099 0.1632068601504787
0 0.7939309583407723 0.9934437840324997 0.05515373602716456 0.013112431935000779
0 0.6148536888882518 0.18913301827076567 0.16740807110650668 0.17056245714968576
0 0.05476736000014676 0.8377823802043958 0.10953472000029352 0.12331631171795787
0 0.13083391999825836 0.36847121243437575 0.09590101333128082 0.06314160988419859
0 0.5395601066657238 0.5158016354975057 0.07711402666237621 0.05265442208338411
0 0.19673400888633397 0.32535721814206203 0.03167573333614404 0.037506261926589235
0 0.02586709333376752 0.6568324631108691 0.03699143110877938 0.09584124406876127
0 0.17161187555951377 0.20886932309039669 0.05279288889012401 0.06467099143849075
0 0.4782111288876169 0.33893958289801285 0.11403263999770086 0.06860368686383667
0 0.3390927644446492 0.6165223350013973 0.05250161778595713 0.06838520378460589
0 0.32420152889357673 0.4054676805095611 0.055778417777684 0.07625059463529749
0 0.8117529600030846 0.26039491593135783 0.09342520888894801 0.0766875607935974
0 0.5064280177777012 0.3969832542679311 0.07624021333952741 0.08054742852592034
0 0.6021833955568986 0.3091530564359076 0.08308508444784413 0.06671016684426756
0 0.5360648533329367 0.5674000560314899 0.0864347022233738 0.06219484987441404
0 0.2526580622212754 0.32495666583023325 0.062113564440773594 0.04151178504503894
0 0.8183793777755151 0.6340009813361016 0.09327957333169057 0.10785781342386791
0 0.04369905777792964 0.7557024228721999 0.08739811555585927 0.06155213349795763
0 0.9462838044441823 0.6551574261704499 0.04616647111251959 0.04180309581721198
0 0.16250965333440237 0.8209496694246207 0.06924970667395328 0.06270464372581785
0 0.6832659911105616 0.363081963147882 0.07747811556069384 0.07246355459607856
0 0.14521543110927773 0.693828931186014 0.0447101155606409 0.05636863442949913
0 0.24756081777417827 0.20832311539248144 0.08381326222378349 0.05702408366702982
0 0.6816639999962515 0.2943690347444704 0.06306019555777309 0.06947761918059814
0 0.23288803555381796 0.5094656262011871 0.06859434666112069 0.13247357367866974
0 0.8101873777806758 0.3315839858988058 0.09830400000015893 0.06933196379439033
0 0.5228120177777277 0.45408016562802433 0.06269610666980346 0.04660972355931925
0 0.16250965333440237 0.887259283957019 0.05585123555113872 0.055349046726610784
0 0.34185984000149705 0.21283843236225408 0.09488156444082657 0.05950022523110654
0 0.4501034666680627 0.2849378484930154 0.142140302227603 0.09547710560348444
0 0.148128142223383 0.47906006434806264 0.10412942221802142 0.10953285036428706
0 0.9399486577810927 0.588847811638092 0.08665315555408604 0.10348815184014137
0 0.956393813331508 0.1554866240764589 0.08721237333698406 0.08579102242632752
0 0.983591253331138 0.6156484026846764 0.03281749333772399 0.12650170284762807
0 0.8039614577777684 0.39199455729322574 0.06094848000340991 0.04741082818289599
0 0.6155818666693651 0.3729501155576773 0.05876394666524387 0.06933196379447115
0 0.8784540444457283 0.5287649648624374 0.1015808000022338 0.1782093649211467
0 0.0493424355569813 0.9350342506052728 0.0986848711139626 0.10763933034463702
0 0.410090097779822 0.48444931363459687 0.12386304000392556 0.22663978080693115
0 0.9837732977802969 0.9533400491111567 0.03245340443940625 0.09331990177768668
0 0.2715178666688088 0.43343351464512037 0.06677390222127241 0.047410828182976816
0 0.06726399999525812 0.23920205725049803 0.10842567111055057 0.11324706271040208
0 0.43339178666679395 0.21480478007492704 0.07245368889222548 0.057606705211537546
0 0.3371266844475435 0.694520794270137 0.07318186666816473 0.07945501312992798
0 0.07600213333239986 0.6023209348544274 0.06895843554909031 0.23982159325113395
0 0.24086158222311901 0.8230980863699321 0.06924970666360525 0.12657453054065093
0 0.03820970666905244 0.4048122312720305 0.0752207644490732 0.08863130245568107
0 0.1473635555555423 0.7629059980547429 0.06793898666898408 0.061539400636883235
0 0.8368750933299048 0.1509713071066054 0.13085354666949978 0.09263682557405006
0 0.6812635022215545 0.49136794447546356 0.12619320888900099 0.1471119399839801
0 0.16822584889208278 0.11401125287797192 0.10281870222340028 0.09314661942545366
0 0.2625248711090535 0.12103912525841365 0.07791502222211821 0.09817173024679193
0 0.7414838044438512 0.16560967341199656 0.11308600889104936 0.12642887515452406
0 0.05273685333215528 0.12063857294658487 0.06961379556192292 0.10217725336507999
0 0.8866096355538402 0.3719669417013408 0.09750300445076487 0.10785781342394873
0 0.38744376889016063 0.1491142009335883 0.13332935111183258 0.05833498214217214
0 0.9694034488871693 0.7038427389819767 0.044346026662323235 0.037506261926589124
0 0.9053966222227448 0.7032965312840209 0.04900636445316997 0.049522831281776813
0 0.8346177422234582 0.7138201329313874 0.08235690666155682 0.07508535154620133