0 0.603087075556525 0.16534562953124382 0.13995576888943717 0.20311675821024722
0 0.4229723022215896 0.22277035661934808 0.19449628444595468 0.22445530613266707
0 0.2778464711116006 0.7545590150816677 0.13085354666949978 0.14696651777281533
0 0.39009507555618056 0.936592122699654 0.08781823999144966 0.11747125528620495
0 0.16760035555602776 0.9418357249195255 0.07740529777689115 0.0954772570863266
0 0.30909270730076566 0.9458104754418344 0.07392486348334287 0.10837904911633134
0 0.22807552000093792 0.9402335131300832 0.06145820443828903 0.09620553517235586
0 0.09015864889240927 0.2656659358900207 0.10354687999933958 0.15716241097811434
0 0.8599517866658668 0.6780534021380041 0.1436694755529364 0.13014329398411673
0 0.5142043644251922 0.9672582650771504 0.08190277328507761 0.0654834698456992
0 0.6329848657413903 0.9806221679568868 0.08033019369468097 0.03875566408622633
0 0.9778905235230922 0.01998627850550344 0.044218952953815505 0.03997255701100688
0 0.8652373809833079 0.021078695634628164 0.10880237086158662 0.04215739126925633
0 0.42365570953115816 0.01441495114690261 0.07327140760090617 0.02882990229380522
0 0.5093341866663347 0.0579974396416863 0.10099825777320404 0.09984692560282549
0 0.33717538606789377 0.017145993969754858 0.10554810787240665 0.034291987939509716
0 0.7482677326589409 0.029490307528977577 0.10824320135224197 0.058980615057955155
0 0.0344479288905859 0.048420582809601154 0.0688958577811718 0.07457567601549209
0 0.8190281955525279 0.135449814097293 0.11294037333379192 0.12002022858746908
0 0.5963514311083904 0.03065555246671331 0.08031800889099638 0.06131110493342662
0 0.04038257777897848 0.13486719162840494 0.08076515555795696 0.1035611438419467
0 0.9132908088879452 0.07984578222438315 0.09262421333955395 0.0698418684559784
0 0.7187945244419907 0.16454452363656308 0.09058531555864546 0.19481438802883455
0 0.9257426488885863 0.1560600839336027 0.0926242133292059 0.07093428558502235
0 0.5218588444456044 0.14732074690052394 0.04507420444861049 0.07603223218771216
0 0.14910464000163806 0.12310550053807029 0.052938524447381494 0.08804882060824604
0 0.18681233610647419 0.006076167061204618 0.07655531001380747 0.012152334122409236
0 0.7564049066717012 0.8833549946065413 0.0942990222221447 0.09052496610093952
0 0.1311186488873015 0.7902446413000523 0.1528445155566765 0.12453555272118999
0 0.9259946640632633 0.9818602407032335 0.12633315034003723 0.036279518593532845
0 0.035722239998479684 0.7165141145905001 0.07144447999695937 0.18259457519645572
0 0.8411283911102347 0.48047155738203196 0.15932529777702353 0.14339795515091636
0 0.07096583941537474 0.9502165578626589 0.09953125216480758 0.09956688427468208
0 0.6644724622213591 0.5566858590912516 0.18728732444966834 0.224746617367111
0 0.2775187911155323 0.6129453412416604 0.12932437333381838 0.13116288330467074
0 0.03135317333249582 0.8400085041982761 0.06270634666499164 0.06631824507079676
0 0.21369400888991852 0.18591948546326814 0.05774449777478974 0.035539970601203064
0 0.9116160000001805 0.9451858041155107 0.13354780445289283 0.06255908759503903
0 0.3847429688864698 0.7804857149464194 0.06997788443954456 0.0703516631162151
0 0.4511163733330452 0.7740040399802821 0.07281777776984705 0.08651943662737438
0 0.5176718222184313 0.872285167697991 0.10456632888979378 0.07974645042683337
0 0.4149259377788338 0.6905433713144489 0.13835377778030106 0.10807646797566761
0 0.8965427199999492 0.842607835689833 0.14359665777948172 0.11171785840605641
0 0.4275352702476084 0.9856472867509253 0.04735526939233142 0.028705426498149444
0 0.18453048888800874 0.24516490776660727 0.12175132443921434 0.13655214114172387
0 0.13031765333273346 0.6649808104927117 0.13842659555375575 0.1567254441264483
0 0.01948387555571066 0.6375053680736944 0.03896775111142132 0.17809810271048898
0 0.40607857778151 0.5695763812150365 0.12459121777986487 0.14725782900725937
0 0.09980700444430113 0.36718790109085897 0.06415246222168208 0.05811659126988866
0 0.9646553600000011 0.5375587665296337 0.07068927999999786 0.10379921287128557
0 0.6089489066662888 0.8670051515738746 0.09065813333210015 0.09249131693331558
0 0.9885395911108288 0.8333495236066286 0.022920817778342317 0.06308724303513424
0 0.6765238044421292 0.7818694433100286 0.07682275555820928 0.13356620098871286
0 0.6279907555578069 0.6876302589700892 0.0782062933366332 0.05199905534672555
0 0.5428303644423269 0.7350047484701975 0.12284359111347126 0.20836036043015915
0 0.5460707555525004 0.5805005525063648 0.13252835555209053 0.1131744145782767
0 0.10082645333475537 0.10937745861527887 0.05716195555610788 0.13196398919935148
0 0.1948342044423852 0.11305526295003382 0.05570560000422928 0.09445766776577236
0 0.02916863999950389 0.30366734238270576 0.05833727999900778 0.2126277819357456
0 0.6279543466659057 0.9384492318191742 0.07696839111546672 0.052727333432835644
0 0.5657315555546019 0.9238108422887652 0.04034104889465706 0.0531643002845017
0 0.9922897066662295 0.9086646023420745 0.01542058666754098 0.06452154993966719
0 0.8811053511117481 0.7639173884879198 0.14505301334170828 0.08484439702944246