0 0.7044829866693665 0.6487436057158165 0.08388607999723818 0.20843302265060804
0 0.796160568891921 0.6263854862351222 0.09043968000138802 0.1118634251543058
0 0.9631429688901537 0.4634572099898634 0.07371406221969257 0.10271232418801524
0 0.465677084447816 0.3499677582579513 0.0782791111100879 0.06081117187747942
0 0.9901947733325263 0.23258271846496503 0.019610453334947375 0.09480883094425452
0 0.4089612662947426 0.014125584656701884 0.08539679186004734 0.028251169313403768
0 0.2251235555546979 0.6708104141935372 0.057089137782653177 0.07778003780253195
0 0.3673002666690283 0.33649462436894806 0.08541525333291955 0.10581872184188224
0 0.7763177244458348 0.5103708792880255 0.0873085155565706 0.09161731044530308
0 0.6983557535283682 0.9590667278727459 0.13512871595513498 0.08186654425450812
0 0.6865698133336586 0.869193207240478 0.13820814222304356 0.12220496576098716
0 0.36380501333624127 0.9204275298941682 0.0926970311130087 0.1272300805627804
0 0.13992675555249054 0.09725546315039524 0.1603447466674778 0.07537672202770507
0 0.6052323555522081 0.1930967831393235 0.1034012444420821 0.07377451151120773
0 0.1683985066651884 0.17201314929675576 0.0799539200030267 0.05491212406656276
0 0.10617571555905872 0.18810808221280606 0.026141582222448445 0.041803128931327205
0 0.1345018311144991 0.36748283231367573 0.08381326222378346 0.10560023858966194
0 0.5204724622217731 0.04387572083865959 0.08184718221632975 0.08775144167731919
0 0.5202175999991596 0.5227880107911629 0.12051342222839595 0.08732047315096458
0 0.11069041777712603 0.12132503477373735 0.10522168888193037 0.03087896631861753
0 0.3499696355571763 0.21177710120702392 0.11730943999977578 0.1238071762774845
0 0.4666237155544675 0.21487228061398933 0.06983224889263517 0.08032900907886598
0 0.1616264533303264 0.2457876608080039 0.07340031999887692 0.0614666216342209
0 0.4338193066625131 0.5190737955028528 0.04325375999841424 0.07523106652627876
0 0.28246755555996467 0.1020256808246115 0.11832888889023 0.08651936789279668
0 0.2317863822190298 0.3695220093346944 0.04216149333450528 0.10632851609711669
0 0.461198791111302 0.4066641622179559 0.0953912888860537 0.03233552133360773
0 0.4621818311098549 0.45323750882353997 0.10565859555370277 0.04071071267006432
0 0.42675598222348426 0.0738413412837946 0.07587612445155778 0.0565143345830601
0 0.2889483377803117 0.3328896507067482 0.0602203022171226 0.09409345397084301
0 0.3458918400005334 0.4316076668503408 0.07536639999598266 0.058771994856460674
0 0.31363356444570756 0.4393274084300154 0.0889105066657066 0.11790812846664878
0 0.6434980977740552 0.4474477026387739 0.0809005511096782 0.08739330090175856
0 0.8385041066704111 0.37214380836178196 0.08701724444205561 0.08214970284766432
0 0.6526003200043407 0.5143035778286364 0.11818325333297253 0.06918636321385507
0 0.9159094044421282 0.2423283426472707 0.1184745244474874 0.09372931521711558
0 0.7755531377779941 0.19986976395920186 0.09655637333376532 0.08688350664652411
0 0.9876461511115647 0.8001966558643556 0.02470769777687054 0.10468066818124477
0 0.9343323022230632 0.2969491557109001 0.10172643555949135 0.06416124841206194
0 0.8563444622223162 0.46929602786423374 0.08031800889099638 0.07442996126794932
0 0.11458616888978415 0.776192169530898 0.048933546659019264 0.050396803520004085
0 0.9659828622204563 0.08471016239125717 0.06803427555908759 0.07264712275901286
0 0.9448908800000533 0.3411920142924108 0.10274588443959753 0.06816677470338617
0 0.8702890666667372 0.5461657187824069 0.07718684444617896 0.06649173643609485
0 0.5357277866659893 0.19131250324588162 0.028326115550266318 0.06729284169434357
0 0.5585197511129081 0.0968913243966274 0.0466761955577466 0.03444752610550128
0 0.3336220444438772 0.5308718911245648 0.1068964977748692 0.06066551637597217
0 0.5624519111071196 0.13370575240147775 0.055414328889714315 0.034957320360735844
0 0.13464746666658256 0.6060301299000901 0.0970660977686445 0.05294577479625717
0 0.9522931199986487 0.39253557857217075 0.09541376000270252 0.07836265980856039
0 0.681326933334478 0.22517740734535446 0.07558485332669485 0.06845808570640044
0 0.18077752888720067 0.7569292294571286 0.07718684444617893 0.0845530186224912
0 0.12004750221967697 0.6903646652702802 0.08854641777773697 0.11470370743349223
0 0.6378911288869049 0.32127362446189994 0.20600149333477014 0.17864647259333422
0 0.5611047822257711 0.9097218505336788 0.12903310221930342 0.17617032906771335
0 0.5160305777771605 0.6815160935539861 0.2736492088892393 0.1931391949928467
0 0.012874239998766118 0.07809006099587373 0.025748479997532235 0.14206353430229568
0 0.33067292444304464 0.6654575745132923 0.12983409777904548 0.19452292225712386
0 0.8895857777756949 0.6368726823433106 0.09932344889061318 0.10458065007911221
0 0.2419444622264968 0.7685088418266204 0.02927274666726587 0.030660483066397348
0 0.3175895974609173 0.9928588042214248 0.09376422602476342 0.014282391557150276
0 0.3926654679597252 0.9924946654676571 0.04060873147100208 0.015010669064685844
0 0.9636980818429342 0.015582139671732553 0.05493699186998946 0.031164279343465107
0 0.9947822933343964 0.9933502700359409 0.010435413331207344 0.013299459928118096
0 0.09172138666423658 0.5487511039340974 0.044418844446125955 0.04835762649898556
0 0.008213902223441335 0.19024696485352155 0.01642780444688267 0.04174937319352168
0 0.43432903111291427 0.29651218920637873 0.058836764438698674 0.05046963127071724
0 0.4787114666671389 0.2864255457272743 0.0360447999917799 0.047920659994464154
0 0.7647761066702918 0.3339456530926545 0.05388515555403306 0.07158967898868196
0 0.44576142221792703 0.1318486447573632 0.08242972444535956 0.07231795649621742
0 0.8821583644435224 0.17598226171272335 0.12539221332925887 0.09300103770958001
0 0.21132458666753437 0.9251654098979165 0.20439950221528608 0.14966918020416697
0 0.7883690666666048 0.2696387491790854 0.12364458666286537 0.08732047315096458
0 0.8899134577769372 0.8369669275329399 0.20949674666755724 0.1616047789174876
0 0.9930710755547302 0.9374798412262431 0.013857848890539648 0.0565659270213974
0 0.008359537775524789 0.9140961525184952 0.016719075551049577 0.08266877098242853
0 0.8888576000049296 0.06692570395149244 0.11243064888856469 0.1338514079029849
0 0.020622301427647472 0.9798226368369025 0.041244602855294944 0.04035472632619508
0 0.45591950222022004 0.9342324648664713 0.09560974221676588 0.13153507026705757
0 0.08407552000135184 0.45746151836712484 0.08446862221592003 0.080474664580373
0 0.8964096209293024 0.9781475985696111 0.14661294852072992 0.043704802860777714
0 0.7450788977762891 0.4286945568203199 0.068230257783499 0.08265949710289877
0 0.9856436622225576 0.5836561404193977 0.02871267555488477 0.11852249047259256
0 0.16348330666725008 0.5462749604085171 0.06182229333660669 0.06423407616277521
0 0.19752561778037087 0.5112083984216711 0.12757674666742483 0.15927429089345468
0 0.10635775999786953 0.03953947067988123 0.030146560000462674 0.02927675580212019
0 0.23437141333706676 0.17871330236592103 0.03611761777558259 0.045007549964402815
0 0.23316991999745368 0.2282725867522794 0.042452764449020214 0.03721498063397466
0 0.09820216888975766 0.24181854839203626 0.026942577771842474 0.03925415765507412
0 0.5801102222202139 0.031674073598699504 0.03990414222288463 0.044133616955441046
0 0.6564232533331961 0.10384637459340995 0.027962026672644802 0.024615779753973666
0 0.6596636444433697 0.12267234816261746 0.023374506665600703 0.021484186471692035
0 0.6235824355596884 0.09641794401674952 0.030874737776401928 0.03670518637874021
0 0.696655075552149 0.03345835349210097 0.017403448890480733 0.03415621510248712
0 0.6870682770334597 0.0059688765725463555 0.02215912593528635 0.011937753145092711
0 0.6780865422243045 0.08971779094758425 0.030073742216659927 0.03889001890126598
0 0.6438985955539263 0.07558920730179902 0.03757397332746126 0.045007549964402815
0 0.624638293331696 0.03487849463177506 0.03444280889299178 0.032772487838210074
0 0.5888483555573556 0.06371828392933354 0.02781639111538725 0.025344057261509123