0 0.009445262224309975 0.9569166597236594 0.01889052444861995 0.040865567605885
0 0.03027114666894906 0.9786194619104958 0.06054229333789812 0.04276107617900837
0 0.7241671111072517 0.870427967863953 0.12983409777904553 0.08972407528445925
0 0.5019636622216138 0.5683010796191643 0.11854734222094215 0.11572366528164213
0 0.8263304533333414 0.742614857373503 0.14075676444917917 0.1621150905708505
0 0.10798307555831141 0.9336062432773431 0.11789198221845759 0.12650220679307433
0 0.6773480884886036 0.9884512396405305 0.08542087031528356 0.023097520718939113
0 0.7826761955550561 0.6078102604972515 0.1737432177799444 0.18163299006454459
0 0.2434241422245072 0.7832892859825502 0.21692415999455583 0.22103292896783022
0 0.9300043377766593 0.6956772222104892 0.1399913244466815 0.19306698342462436
0 0.905774648891141 0.2466927058722147 0.06458936888310651 0.07013334780761804
0 0.2895542044451253 0.9615412998535235 0.09815836444290146 0.07691740029295291
0 0.973403733332331 0.4984285670566457 0.05319253333533802 0.14535277983035655
0 0.04880327111006611 0.6134180152025301 0.09760654222013222 0.13604267259043967
0 0.567469370432405 0.9949329301440596 0.0360084677632484 0.010134139711880819
0 0.976389262219891 0.9194008267178866 0.04722147556021805 0.09752458916182472
0 0.9884406044458349 0.6276353166822388 0.02311879110833004 0.10174559905656144
0 0.9083298179320991 0.9851375664055986 0.10193205339213218 0.02972486718880296
0 0.6606336000013269 0.9602303961561882 0.10777031111841406 0.07953920768762346
0 0.7564617955591529 0.9182031248336033 0.09043968000138802 0.05957329024570801
0 0.0843172977781958 0.6995371053193074 0.10842567111055056 0.10305159620741489
0 0.7084384711148838 0.49995201739958045 0.1561941333322061 0.2199405092200576
0 0.5322558577793339 0.6334821245701108 0.14214030222760304 0.1231521195665285
0 0.6205474133344574 0.7424692014071279 0.1320186311068634 0.11288337393736869
0 0.8839293155560477 0.9169286351278416 0.15532031999900942 0.15810955149557637
0 0.21583746494207945 0.9720649434238195 0.11282028161610166 0.0558701131523609
0 0.5917115733337899 0.7033969884281256 0.12138723555124464 0.10392553200566534
0 0.3282568533335709 0.6346109583094972 0.2043995022256341 0.20027695375998833
0 0.154659271110884 0.5480184863020212 0.222021404436479 0.20843368787674998
0 0.9436940799984668 0.3467219407774478 0.11261184000306657 0.1334208651956883
0 0.36135253332969214 0.48917347588814825 0.18932622222022877 0.1833808616609648
0 0.4581043981326123 0.9853196363635472 0.05069931859357485 0.029360727272905618
0 0.9570747733323111 0.2374071380160664 0.06262328889634872 0.08972407528445925
0 0.6783171308071663 0.03214751099213076 0.18256310304212897 0.06429502198426151
0 0.44778723555306593 0.21963711011883275 0.1763646577795347 0.16065853090701887
0 0.6451598222212245 0.25798104326595966 0.1177463466612001 0.11790850477726822
0 0.7515101866693132 0.1456802931940105 0.11854734222094221 0.13305672527979107
0 0.5641136355594628 0.11211263652974296 0.27124622222036127 0.22422527305948592
0 0.8953617066662345 0.5444863291175268 0.06808462221589351 0.08775771973843627
0 0.3997639111139708 0.8869599200470795 0.1401742222201493 0.1508995811602123
0 0.4010382222218646 0.732091213803207 0.1457811911072996 0.15272028073994115
0 0.21819278222198288 0.40163424009923426 0.20840448000364836 0.20522925661657931
0 0.4649722311128345 0.4036370096368714 0.14578119110729965 0.15097240914344023
0 0.38731207111332977 0.3345960815770664 0.13886350222552818 0.14674838611872476
0 0.2981831111065629 0.2715634621300514 0.16333027555503782 0.1641542741000207
0 0.5552298666702377 0.30932477141171844 0.12997973333630292 0.12650220679307433
0 0.15097812353633344 0.10424721434573142 0.16383230041505564 0.20849442869146284
0 0.7805397518703507 0.9800031935910186 0.09009895262618861 0.039993612817962765
0 0.978903693633361 0.011100223851538749 0.04219261273327801 0.022200447703077497
0 0.9257208597018487 0.03130998918549427 0.09576709837549258 0.06261997837098854
0 0.8822180977815555 0.051519754519449845 0.12131441777778995 0.10303950903889969
0 0.838636657776725 0.06677117341255695 0.12255231999895633 0.1268663467090524
0 0.7951644444475985 0.10180143332479241 0.11279473777653448 0.11725305292854005
0 0.7023945955559612 0.20630958919591763 0.10493041777776346 0.11244640603832423
0 0.12414862222245171 0.6480477212071736 0.12153287110850215 0.11645194511351764
0 0.5177287111110571 0.8244370964823369 0.1477472711044054 0.13130885368337097
0 0.5618926933345696 0.671498331792914 0.13747996443675625 0.11543235334897284
0 0.7697510400010894 0.41587211081201386 0.14512583111516308 0.1471853540177691
0 0.865943324446885 0.37818362951353435 0.12255231999895633 0.20712278417945518
0 0.7661101511110449 0.9549812563422588 0.08745415110347998 0.05593189108649277
0 0.6327079822257575 0.9119763322712507 0.07201678222045305 0.05848087049793538