0 0.9907936711123007 0.3515954948081174 0.0184126577753988 0.14304357864540262
0 0.3270283377781097 0.20252149983320644 0.1042750577856269 0.11375721857809551
0 0.041690026668624744 0.14036286599427045 0.08338005333724949 0.16451828218171294
0 0.4573529347880847 0.032183463219229935 0.06746771265235213 0.06436692643845987
0 0.37811000889374147 0.0435381399382595 0.08992995555616085 0.07443013917210961
0 0.23651583999809295 0.895697688326101 0.14330538666496676 0.14390797945599643
0 0.6337094942883899 0.9803665125978209 0.08060361470820177 0.03926697480435826
0 0.7019306666683405 0.9317475111149482 0.13260117333589327 0.12133132275988368
0 0.5303719822213881 0.5827925093116113 0.11934833777033615 0.11412135820219504
0 0.9634505955554131 0.10775860766259715 0.07309880888917375 0.05100707132241289
0 0.2545018311072555 0.5196142845251643 0.06975943110883234 0.06845824933629485
0 0.0399424000022312 0.8883784818811098 0.0798848000044624 0.10844078006577307
0 0.9624182261371363 0.03910211607768743 0.0751635477257272 0.07820423215537486
0 0.21237674666465156 0.677468811585338 0.09779427555493181 0.10800381251680513
0 0.3776002844433404 0.32101253352495995 0.09910499555990104 0.1032699974031066
0 0.5644507022212364 0.2385713226220133 0.10711495111592939 0.1370621545223265
0 0.08887779555904368 0.8314634586297087 0.07857038222460283 0.07865415881197169
0 0.01842474666838017 0.8392232607020589 0.03684949333676034 0.06329472283057225
0 0.6227413333331545 0.21552128441461965 0.10412942222836952 0.12300636503088713
0 0.4317767111118883 0.39817371987797795 0.10128952888771892 0.10013839663562407
0 0.4009383822222137 0.4342963705916533 0.10136234666117361 0.09999274078596809
0 0.680959146666444 0.133080073511673 0.10463914666324847 0.11091692950984411
0 0.46578261333828175 0.3541856532831621 0.10493041777776352 0.11208217630709205
0 0.31319295999904473 0.38561090284553273 0.0827209955495265 0.09176318528060678
0 0.37494243555702267 0.467979285823611 0.10718776888938414 0.10603745854657054
0 0.5154079288865129 0.26854001368786445 0.10849848888400526 0.12912391071627705
0 0.743910115553687 0.08439460576559282 0.10878975999852014 0.10428958835069857
0 0.03826759110929238 0.7670471591211856 0.07653518221858475 0.11193652045743596
0 0.09714261333251165 0.7662824659105119 0.09874090667193135 0.0993372894625566
0 0.33179790222396455 0.5781315221227814 0.11264910221927699 0.11543226084901814
0 0.5215246222240644 0.6672000741848735 0.1016536177756886 0.0944578184992022
0 0.09677852444454199 0.19644036811025067 0.08242972444535956 0.11543226084909897
0 0.01962623999764522 0.40432767952576176 0.03925247999529044 0.054038320220836766
0 0.1451659377819548 0.2774250205166374 0.10857130666780801 0.10377979287694306
0 0.28213617777865796 0.2897329398122049 0.10114389333046142 0.09911880568811304
0 0.110723128888963 0.5079254025906146 0.11862016000474493 0.11688881934557804
0 0.07005439999823769 0.5523868506968326 0.10005162666655248 0.09700679586814165
0 0.1676666311143587 0.4749707666068964 0.10653240888689956 0.10297868570379465
0 0.06998158222478297 0.6773231557356415 0.13587797333796817 0.13393055375484386
0 0.575883093336597 0.7704336576255864 0.10478478222050602 0.1047265558995858
0 0.5091820088887794 0.8458833877452476 0.07361877333993716 0.07282792482589373
0 0.5202139022190951 0.9167513202624058 0.20927829333684506 0.1664973594751884
0 0.6272560355563959 0.821449618966122 0.10514887111882376 0.09882749398872026
0 0.4052710400014702 0.9405660516804732 0.09400775110762982 0.1188678966390535
0 0.4463766755536198 0.6318057027194781 0.09757582222421962 0.08600977921939723
0 0.4732100266704543 0.7201095615708966 0.13405752888777195 0.11361156272843953
0 0.8709771377758847 0.5497650454031057 0.06233201778183384 0.0412206054514328
0 0.7918242133326001 0.5344711811896712 0.08883768889225185 0.08346080185045768
0 0.8620569599999321 0.44536621516514485 0.07536639999598271 0.05250893379948929
0 0.8399931733341266 0.6011451463677812 0.11308600889104936 0.05848082363522322
0 0.7032413866681357 0.5330874506179797 0.09575537778437138 0.10297868570387558
0 0.7121251555521869 0.456909441250079 0.049297635557336905 0.05229045002504573
0 0.6440769422230207 0.4183106410923326 0.09772145778147712 0.10516352344855373
0 0.5758102755579684 0.48254487078876546 0.13900913778278567 0.13400338167963166
0 0.8348595199951281 0.7915173418627051 0.14519864888861778 0.038380316383262336
0 0.830963768892818 0.8548776364612019 0.11716380444251828 0.08513584412146125
0 0.6638105600037508 0.8790929214658435 0.11257628444582224 0.11914648501520553
0 0.20149048889159327 0.5774396568369355 0.12364458666286535 0.1273032125956176
0 0.7823214933327917 0.730159815196877 0.10274588443959742 0.0710800546301027
0 0.8694479644453774 0.7012471290409712 0.06306019554742504 0.14026658321475838
0 0.7599300266657438 0.40185153008169067 0.09495438221428132 0.1267205891969937
0 0.8174924800017227 0.3287322935564849 0.09459029333665969 0.05695143721379492
0 0.8421048888884899 0.4087701829401482 0.08934741333747898 0.05666012551448296
0 0.8298350933318337 0.36918820579728456 0.08927459555367623 0.060374349680670236
0 0.7596751644431303 0.48756999760177594 0.04653056000048916 0.047338151136822826
0 0.9660720355550034 0.9675174883180631 0.06785592888999314 0.06231777142374628
0 0.9720430933352974 0.8692495699280274 0.05591381332940526 0.11829571328990862
0 0.9732081777778351 0.709038494484667 0.05358364444432984 0.1871653217771374
0 0.9734630400004487 0.17278428784993527 0.053073919999102714 0.07782706102263126
0 0.8580155733351906 0.07627429214749365 0.05679786666813824 0.03444760844271222
0 0.8671682725143102 0.026029503571446233 0.05640564163525896 0.052059007142892466
0 0.8729068088914371 0.9226076065492976 0.06080284444615236 0.04318695942182915
0 0.9663997155562457 0.4725552835454811 0.06720056888750858 0.08285385536748902
0 0.9726256355539792 0.5534154259620315 0.05474872889204163 0.07561335460449059
0 0.9539165866664714 0.3559699374413874 0.0611669333237741 0.14172314171123745
0 0.7975768177770078 0.03978750180971874 0.06786616889552932 0.07362903199904214
0 0.7258877155577971 0.21260816742158062 0.05337543110880594 0.07290075275068131
0 0.811339377777444 0.178269800866171 0.1060226844416724 0.12002042011306069
0 0.5902281955557152 0.08639737369830208 0.05934648889427374 0.05731557683797528
0 0.45242055110736856 0.14061776373118862 0.14519864888861772 0.14551019380213148
0 0.09237304888665676 0.3870674613420118 0.09386211555037233 0.08462604864770562
0 0.1106139022236069 0.109046858319162 0.046749013331201336 0.04799360246023443
0 0.15841877333198984 0.1461890999803484 0.08643470222337378 0.07974657768435123
0 0.06288184888867869 0.2961417971969068 0.07201678223080106 0.09839052643975221
0 0.19409948444614805 0.3486143170339619 0.12939719110727307 0.1006481921093797
0 0.3245525333357768 0.4862226809924782 0.09116785777732733 0.08761199356553229
0 0.24947740444396105 0.6287105159143893 0.08869205333499444 0.08783047734005667
0 0.04729884444322023 0.6013636301422247 0.07536640000633069 0.11383004650288309
0 0.16307911110731463 0.7070369490646553 0.10405660444456671 0.10450807212514213
0 0.13326023110809426 0.7376246774915243 0.10092543999974926 0.10144929928244728
0 0.14474166885742712 0.9869938537570068 0.06401995856107937 0.026012292485986466
0 0.633045048887531 0.5671345054740773 0.10594986666821771 0.11543226084909908
0 0.8712319999984983 0.5002420565214833 0.07201678222045305 0.05462094361937986
0 0.8040576000025289 0.4726402730124814 0.05490460444448719 0.052581761724276865
0 0.7435460266657173 0.9614312521431079 0.1277223822143343 0.07713749571378425
0 0.31887274666482374 0.9444259316962358 0.12743111111016736 0.11114813660752854
0 0.21720394369525214 0.06440981995470857 0.10663559704812034 0.12881963990941714
0 0.27856810666724213 0.06673383399526872 0.0679389866586361 0.07741608408993617
0 0.14130659555602404 0.08352067066765684 0.05483178666068449 0.07472145087142168
0 0.5410893282387406 0.03262043076819793 0.10038945019866025 0.06524086153639586
0 0.5406756977757646 0.11035776096602551 0.09801272888564405 0.08790330526492507
0 0.3640788845510946 0.015178142772398262 0.08380595936129492 0.030356285544796524