0 0.05030584888946679 0.9770211392471548 0.10061169777893358 0.04595772150569033
0 0.21832163555858036 0.4904575983121906 0.17585493333430757 0.20267946978982154
0 0.0445896533317864 0.8356399023237029 0.0891793066635728 0.1876350428204896
0 0.02806001777967645 0.29919295142613445 0.0561200355593529 0.1234046899252148
0 0.023035591111208002 0.17789843373378555 0.046071182222416004 0.10818371227808266
0 0.010256071109324694 0.5171393153931341 0.020512142218649387 0.09290887149425309
0 0.03712583111288647 0.4126664553419898 0.07425166222577294 0.09880484592293881
0 0.23976647111380267 0.3238278365878103 0.14199466667034558 0.14456297072679958
0 0.2537838933316784 0.1916455736814347 0.1355138844396505 0.11033395498794463
0 0.3966887822219481 0.3138140287918072 0.18874368000154695 0.15745347239866758
0 0.8860970666683796 0.7319542285036628 0.029564017771432805 0.1165971365913212
0 0.7853900799993425 0.7673849011780041 0.1140326400080488 0.1912455219791418
0 0.9889237333347813 0.7218217830972609 0.022152533330437207 0.07306747630035171
0 0.9696064164241155 0.9689736791638651 0.05138406840463472 0.06205264167226976
0 0.8590452622208331 0.9384207383326225 0.15866993777453897 0.06124808986454866
0 0.5688300088875824 0.4073247866826591 0.1401014044466946 0.1514816015676258
0 0.794201031109939 0.3571465061633921 0.03276800000005298 0.16852328174398978
0 0.9757801244449285 0.3027949052991525 0.04843975111014309 0.0498584257349034
0 0.8682567111113005 0.39097496959037775 0.053011342220836255 0.2360345532119149
0 0.9495213511089484 0.13851777159311796 0.08781824000179772 0.06190353910216029
0 0.9555731911108726 0.2287037255568135 0.08885361777825485 0.07583591626257613
0 0.9758165333316557 0.3932104587263862 0.0483669333366884 0.12975046004001423
0 0.7595033600046817 0.14536357474088085 0.11206656000059512 0.09336510250468455
0 0.7671856355542939 0.23206494333044098 0.1383537777803011 0.08120287776345092
0 0.5978114844455074 0.7748497397167862 0.14141212444131568 0.17515060181256226
0 0.5016920177783403 0.7791101597608974 0.07019633777025674 0.10006525026636093
0 0.32427150222162404 0.7973899107192997 0.2345460622260968 0.19168248813752253
0 0.8717519644440876 0.22980728484559504 0.07223523555116518 0.07974632390218173
0 0.8602103466685447 0.138299288513968 0.08687160888479817 0.10283270260261057
0 0.9528709688844781 0.18101273049445293 0.09131349333458483 0.04143895735185421
0 0.9699467377737165 0.49278808449018086 0.03662734222080977 0.06620037299278292
0 0.9363049244456407 0.39068365881812395 0.023957048884282517 0.2358888978257072
0 0.9095443911126091 0.39079290035773934 0.030292195557720114 0.23581607013268424
0 0.8252578133303259 0.3571465061633921 0.029636835555235552 0.16852328174398978
0 0.3863122488889429 0.21353029544633673 0.10099825778355204 0.05418380363759545
0 0.5750923377772172 0.27146472527663956 0.161655466672447 0.07960066851605485
0 0.4481345422255496 0.13906397929111414 0.036918613335324646 0.06532644067602145
0 0.5451278222207394 0.20020282761608782 0.21706979556216127 0.06816672070545582
0 0.5676285155531433 0.1519908948094938 0.14847544889069264 0.0311702526302704
0 0.43022136888984175 0.5157288078044827 0.08672597333788873 0.035758397293147004
0 0.4060094577777717 0.44443049629741943 0.12830492444336417 0.13873675528188445
0 0.8464477866681086 0.880959688507212 0.15866993777453897 0.06153940063680252
0 0.9112192000003738 0.8190925632515631 0.06786616888518138 0.05709691136013373
0 0.8631594666693774 0.82029422018709 0.031020373333659368 0.056150151350349176
0 0.9696270222206497 0.8426159081104132 0.06074595555870066 0.14521841996433016
0 0.9924189866675686 0.9125853237786359 0.015162026664862993 0.03856268259510398
0 0.8527465244444707 0.9097266272664287 0.15903402666250865 0.06270464372581785
0 0.9856469333327065 0.8216300149589277 0.028706133334587047 0.14155400021168674
0 0.9600071111073096 0.741749553220435 0.05825422222001686 0.09467600097974593
0 0.9148600888852444 0.7312259515730282 0.03378744889050722 0.11674279197736714
0 0.5004541155519999 0.7046802574521862 0.039175964446945266 0.05564035749894547
0 0.4541056000006696 0.7159321360301872 0.06721080889304482 0.048576071271911436
0 0.4061186844483018 0.7312259515730282 0.0466761955577466 0.08047460083281643
0 0.4527948800008744 0.800303018441757 0.053957973327487696 0.07239072690305559