0 0.026361884445779853 0.7438598122040494 0.052723768891559705 0.1655857098847865
0 0.10453361777795686 0.6914229443954061 0.18357361778616904 0.23435960902750752
0 0.21230392889119684 0.25882627639565836 0.39474517333631715 0.2694625709762679
0 0.6809227377745426 0.36020246526025285 0.12815928888610661 0.07399296543567468
0 0.708447857775415 0.5296725740877497 0.10238179555162785 0.13356604193801358
0 0.6265278577752825 0.26213993774144195 0.07063324444202923 0.0796007000208967
0 0.9887547733313922 0.063867632500965 0.022490453337215666 0.06170377178377373
0 0.10609735111292037 0.21447419376737797 0.21219470222584075 0.16750376033657277
0 0.806060088886362 0.3899890035113819 0.12910592000310628 0.1896433877898298
0 0.9348332088906318 0.4432260682097039 0.13033358221873637 0.19182821944637607
0 0.9673827555547986 0.39407729398949637 0.06523448889040284 0.14640359709480488
0 0.5965332922267004 0.9899831892528265 0.05147494929325258 0.020033621494347065
0 0.8397104144148114 0.9898739476700154 0.06100256661367087 0.020252104659969405
0 0.9244982044471222 0.28668288001682724 0.15044152888779838 0.10960572143768854
0 0.6899157333342979 0.16123712906909643 0.05337543111915388 0.060592664608765
0 0.9445230933320191 0.11612035536105714 0.10558577778024802 0.11120793131913431
0 0.6157872355543077 0.16626224187917743 0.08250254222916231 0.06481667247808265
0 0.4592290133341319 0.6899663899576951 0.04580238221420185 0.09482169389487449
0 0.07569777777728935 0.4952978893578247 0.09444465776905417 0.07326468821679888
0 0.7568352711128278 0.4597943749386221 0.062113564451121706 0.13116272711576404
0 0.39802567110810844 0.5066590139719227 0.0691768888901505 0.18410848092645493
0 0.516208924446255 0.49070974287902874 0.06626417777604532 0.06831240312860543
0 0.2989570844452828 0.6855967266446021 0.10303715555411247 0.1995479579662166
0 0.012672142223972413 0.5305755462077292 0.025344284447944825 0.14498524546680902
0 0.6227413333331545 0.07861407859000685 0.07704120888892141 0.09751631960467433
0 0.46050332444719977 0.15227931927720756 0.14694627555501133 0.15075338430291552
0 0.7465679644451787 0.028000535472270605 0.09590101334162893 0.05600107094454121
0 0.9156703154608193 0.03393599480596654 0.07751199130175834 0.06787198961193308
0 0.5698392177776744 0.5539242054755847 0.14017422223049736 0.12919637862484
0 0.8687561955561655 0.1717243210206243 0.1215328711085022 0.1072024066154389
0 0.09368376889162594 0.962669794557859 0.0937164800034629 0.07260923871985114
0 0.9795433244460987 0.9790728722551938 0.0409133511078027 0.041854255489612524
0 0.9631229155541707 0.9482863194854873 0.07375416889165842 0.06321446259663688
0 0.9603973688868185 0.9152589476104218 0.04179740444653568 0.03561275600201386
0 0.9887911822232935 0.2550083990116717 0.022417635553412918 0.06147934091776697
0 0.975793208890698 0.8451073284113737 0.04841358221860392 0.15610685404733626
0 0.9885703110343051 0.01576547819552171 0.02285937793138959 0.03153095639104342
0 0.6566299096318997 0.9584851995373596 0.09938006816017964 0.08302960092528089
0 0.7462096074596047 0.9594683737828216 0.08790252159039169 0.08106325243435675
0 0.8137787733330495 0.9290962147686973 0.12371740444666801 0.13786287752917836
0 0.3436307911088483 0.02709018894873655 0.1403926755508615 0.0541803778974731
0 0.651176675553951 0.44333530979251506 0.061094115550319295 0.06940481895687867
0 0.5758102755579684 0.42833279908407873 0.08323072000510168 0.08513560688410982
0 0.5108204088898168 0.6419000935133101 0.07150705777522587 0.09613259288885079
0 0.5950341688882974 0.6282813095206973 0.10114389333046148 0.08083877129286421
0 0.6726579200010747 0.6220909531604555 0.07187114667354366 0.10050225620194375
0 0.7661559466686514 0.06288329066277559 0.07143424000177112 0.039399797540086934
0 0.852607254523577 0.035465376965565176 0.06135217540173066 0.07093075393113035
0 0.7889115022236688 0.10883758317250175 0.11010047999314132 0.08193118712113734