0 0.813223298623537 0.2635224704937298 0.3735534027529259 0.5270449409874596
0 0.03329308444323639 0.24766377138406115 0.06658616888647279 0.08124844284849342
0 0.034203306668334536 0.1623328097485815 0.06840661333666907 0.09119948492766616
0 0.042795804443044795 0.4519907823506318 0.08559160888608959 0.15416626709449643
0 0.12702492444465557 0.45308830134506006 0.07762375111795133 0.12883239342911845
0 0.005877191112894151 0.5565033099690888 0.011754382225788302 0.027455124644272355
0 0.20643271111055383 0.8431540442544356 0.11061020444871653 0.14616541187805387
0 0.04541724444263511 0.32746705808231624 0.09083448888527022 0.0890818631040231
0 0.9389431466658911 0.8181376919972609 0.09189603556361459 0.13662496895029452
0 0.7783435377757997 0.6342838891640399 0.1611457422272199 0.12708452602253495
0 0.7978587022258176 0.8271683402647837 0.1764374755529894 0.1629886356667527
0 0.9863288888914717 0.601620470547827 0.02734222221705651 0.10472668168989108
0 0.20828956444230345 0.20117691136685045 0.26491107555727167 0.1257736254676176
0 0.2842020977754146 0.28383647413796254 0.1253193955558042 0.09329242282799632
0 0.15047224888888497 0.31944927254773614 0.1192755200072295 0.0966425020240218
0 0.29862001777833536 0.3944255015105685 0.1218241422230171 0.11273744772661065
0 0.21875392314460543 0.04234441574843695 0.1670867848313517 0.0846888314968739
0 0.3357570844443722 0.8238910888773692 0.14148494221477048 0.15905593400191986
0 0.6571747555552672 0.656605612502688 0.0765314844436944 0.17522370751299832
0 0.3194459022229744 0.5211823023944147 0.1130860088807013 0.1540308152078813
0 0.20279182222568326 0.7143216508252769 0.10740622222009633 0.1050905278226566
0 0.0695199288893491 0.7956463976568537 0.1390398577786982 0.28036206610489045
0 0.21484316444645327 0.11338298808880354 0.21568625778373746 0.07836272206318373
0 0.9387060622218997 0.6479391032782202 0.12258787555620076 0.18527394510115602
0 0.9931737599997885 0.8187803628064674 0.013652480000423073 0.13898101776235106
0 0.32796558222422995 0.6992827083474871 0.12997973333630297 0.07603223218771216
0 0.2041025422203044 0.4802166600519136 0.06837589333040844 0.1425968492562356