0 0.332536320000266 0.5553784292524283 0.1708305066761871 0.08011052582664568
0 0.7300849777801584 0.7425093348083291 0.2763434666622844 0.2530764338612834
0 0.5762574222249289 0.3986895235107045 0.13427598221848402 0.11747116196212737
0 0.38227086221902734 0.7777943800473952 0.14723754666952626 0.06001006661914987
0 0.3657412266669174 0.6929136365466142 0.1545193244392673 0.09737070275471249
0 0.3111278933369451 0.4622317360413411 0.16762652444756693 0.0659819421808604
0 0.31742663110813335 0.4894693148224023 0.1668255288878249 0.06248621014477074
0 0.6510412800022297 0.5950331395366268 0.19631672888580298 0.1248995925387475
0 0.555649991111002 0.29789591647065583 0.13704305778567993 0.13116277910339136
0 0.21624632889094453 0.05188377443222464 0.16325745778158307 0.09795332476065999
0 0.25950008888935877 0.23763095272384838 0.16806343111933933 0.06816677470338628
0 0.5418510222186645 0.2303117637732981 0.12065905777530539 0.051052253276745674
0 0.5966463999977956 0.49875485304317724 0.13675178667116505 0.12956056858681309
0 0.27144220444477263 0.28948431125888313 0.17636465777953464 0.10399802807308378
0 0.3758264888905817 0.7446577534554985 0.14745600000023845 0.0610296551296996
0 0.014515911109952463 0.45602121999489714 0.029031822219904926 0.09201396248471705
0 0.03297521777761479 0.2437120699115478 0.06595043555522959 0.13422154463495972
0 0.11728696888830098 0.23595591445655706 0.10864412444126274 0.08724764540025132
0 0.9944107716075248 0.028484211252426506 0.01117845678495033 0.05696842250485301
0 0.3830619936964164 0.9425712423275309 0.29926133850175474 0.11485751534493827
0 0.05143452444527712 0.8016090545431203 0.10286904889055425 0.1440532909864065
0 0.02758670222117669 0.07348531657452945 0.05517340444235338 0.08289420844420514
0 0.883730488886229 0.7064960120617274 0.08556088889017699 0.2151331757197733
0 0.8358163911073158 0.4098321693756749 0.10929948444374726 0.17136369751822134
0 0.03671409777986507 0.38976812404361655 0.053521066666063336 0.07836265980856039
0 0.9585507555554311 0.5329838958963775 0.06073002666234972 0.05993723886851765
0 0.884531484440797 0.5373171470661129 0.08293944889058669 0.07617782728603462
0 0.09616981333432098 0.8789885397165682 0.055924053334941465 0.060228549871450876
0 0.1839516444442173 0.5092784630267626 0.11745507555703324 0.20435466860857066
0 0.033437297777790156 0.1310839533744711 0.061676657769001185 0.051125081027539654
0 0.06504021333530545 0.9729404143908735 0.06167665777934922 0.05411917121825294
0 0.8550486075019257 0.017730558318901746 0.16739142498829307 0.03546111663780349
0 0.02138778567314148 0.9868141009090415 0.04277557134628296 0.026371798181916928
0 0.0737419377753718 0.06877981260656402 0.043836302217096085 0.05950027236391542
0 0.11239248530732261 0.051158495913812885 0.06585865604380767 0.10231699182762577
0 0.6171810133330937 0.05443574469764195 0.31428152888806327 0.1088714893952839
0 0.18948579555791284 0.9802960172167804 0.08192000000013247 0.03940796556643922
0 0.9406739911116245 0.6094530341854263 0.03575352888761296 0.046536932730187
0 0.7980239644439684 0.5850193238083163 0.0466761955577466 0.03335510984415757
0 0.8035945244443914 0.33092330143644266 0.07922574221673939 0.08622805688978241
0 0.9934020266661214 0.5220287700262793 0.013195946667757252 0.05883392137123744
0 0.90237184000305 0.07311306377625904 0.12269795555621377 0.12919642983308588
0 0.7581198222262577 0.10475672147776871 0.08978431999890335 0.08979661667658534
0 0.29944063999897075 0.8631485039281351 0.34872433778105516 0.14565550150290396
0 0.9421019022197773 0.42627378122373893 0.1157961955604454 0.1255171341882031
0 0.6658232888879461 0.1404059054706026 0.11374136889353392 0.12672028630754584
0 0.9517138488901158 0.733551521465925 0.09657230221976831 0.16116781241296618
0 0.04073031111102965 0.915031000938729 0.0814606222220593 0.09924967347470992
0 0.7173782755569038 0.3210187273342423 0.13369343999980232 0.2209593957799767
0 0.10021119999906256 0.4948949822533601 0.10114389334080948 0.14820447277923787
0 0.127845546670465 0.7489545907498367 0.04791409777891306 0.057533923093690764
0 0.17266488889128798 0.951088012960525 0.07580330666775503 0.043769478201632794
0 0.8720068266667012 0.20751667778812294 0.2542068622281982 0.17733557307977021
0 0.037344284443598656 0.5778468982057188 0.07468856888719731 0.12766926276019275
0 0.20637951999799248 0.017512075066641097 0.15459214222307008 0.035024150133282195
0 0.23587072000114453 0.1349074102888912 0.1716315022152331 0.08353343011194148
0 0.24526421333559686 0.17569095070970914 0.16901006222599085 0.07202664549320337
0 0.2526188088891407 0.20762591941423303 0.16755370667411218 0.06583628667935337
0 0.2837484088881562 0.3431583635626759 0.1682090666662488 0.06860374120790746
0 0.2908845511109879 0.3741101576320471 0.16791779555173383 0.06729284169434357
0 0.2976201955591225 0.40353256893563394 0.16755370666376415 0.0655449756763391
0 0.30439224888881045 0.4327729108623572 0.16784497776793111 0.06692870294061615
0 0.3239438222255558 0.5180177931169465 0.1682090666662488 0.06860374120782664
0 0.27726762666780913 0.715162514401158 0.03815651555649108 0.055349090571164994
0 0.2362348088891142 0.7244480526219732 0.06619136000259052 0.06168510488652201
0 0.1931630933346848 0.7342069712226665 0.042234311107960026 0.05629585133092063
0 0.16188785777841178 0.7412712630455591 0.042452764438672186 0.05629585133092074
0 0.9420290844463226 0.3359120023629196 0.11594183110735479 0.09868160226827638
0 0.7422455466662844 0.49595098463926646 0.10886257777197494 0.06671021968839597
0 0.5200420977754725 0.12340062567015303 0.12087751111636558 0.051634875282774106
0 0.5255762488839941 0.1506017905758576 0.1204406044445932 0.04966852601246863
0 0.5308919466669775 0.17641922821724465 0.12029496889768376 0.04901307625572704
0 0.5362440533315143 0.20281928786466014 0.12065905777530539 0.05083377002452549
0 0.12453233778166274 0.16698803449488175 0.06153102222209175 0.05884482260717383
0 0.07556238222039408 0.17944157987341613 0.04558392889383766 0.054475157562041465
0 0.11998122666652003 0.5887335390966263 0.07864320000840556 0.055203435069577145
0 0.9909626311105159 0.7092508679392246 0.018074737778968286 0.08036691328699808