0 0.8371948088881456 0.3542590580578023 0.32561038222370875 0.21725231408708312
0 0.29606485333190197 0.4264713252717012 0.12502812444128922 0.04690109010063992
0 0.8475138844404784 0.5910985211915174 0.12371740444666812 0.10217737486197542
0 0.39906560000446106 0.79552609869517 0.1258291200010313 0.13305635343759514
0 0.9942627555535486 0.5786379833151779 0.011474488892902923 0.09774652978350606
0 0.7294398577780359 0.9078629488196057 0.08490552889804037 0.08040186874382693
0 0.9531360711126278 0.5967062602252824 0.07485667555075559 0.12621054214958638
0 0.5585001244416667 0.9537808638947967 0.08861923555119167 0.06561782947300998
0 0.04388480000197888 0.41578508904817696 0.08776960000395775 0.0765080634151073
0 0.6516340622212737 0.6229606747924648 0.15633976888946355 0.11448526962446692
0 0.759222328890529 0.6133838217672954 0.07252650666568017 0.11339285292950563
0 0.04330225777812302 0.49572085432361385 0.08660451555624604 0.07732372319003866
0 0.5116782933318367 0.7573643421536945 0.12328049777489564 0.12271480872583984
0 0.3745074100326747 0.9884154280784996 0.09549972672636309 0.02316914384300084
0 0.6848389688879251 0.8718131978882702 0.16871879111147592 0.1845455936567003
0 0.5662079380359502 0.9938775115529419 0.09180147607500355 0.012244976894116077
0 0.13124181333308418 0.8083802018050208 0.1401014044466946 0.09190865793000269
0 0.7670138311106711 0.7180009272478263 0.07063324444202912 0.09962840257394812
0 0.8806823822255764 0.673976534443791 0.10005162666655254 0.089796652319863
0 0.9798812444425291 0.787896466075775 0.04023751111494167 0.13098260711737908
0 0.3697200355533924 0.9318597022173659 0.13529543110893832 0.10261434153994364
0 0.12821729080234137 0.9885610836378224 0.1193431682781213 0.022877832724355285
0 0.22805304888946315 0.4730082764739937 0.0867259733275407 0.08535415776072042
0 0.17890104888938368 0.9418006941408825 0.12997973332595494 0.06117533491378668
0 0.03598407111130655 0.5862496804910939 0.0719681422226131 0.10413213820662726
0 0.32304384000081987 0.4802546405500794 0.1061683199989299 0.06532651835444536
0 0.03090291916806665 0.9922024726207705 0.0618058383361333 0.015595054758459015
0 0.931946097774845 0.8858325454727032 0.08141027555490532 0.07260929632034152
0 0.5023940266679144 0.8799334953202924 0.14053831111846699 0.1396108536067966
0 0.8238845155574381 0.8439201582787672 0.11854734222094221 0.1618233264029133
0 0.24214328889114162 0.37469077393391004 0.06568163555736342 0.06714721284585878
0 0.48191802035499776 0.9919475753919758 0.06142978292579454 0.016104849216048378
0 0.08735701333110531 0.7126480854428963 0.17471402666221061 0.15650689848775334
0 0.914906737777508 0.8014251488475402 0.07849756444080014 0.09911860811627804
0 0.27050581333330936 0.5550487702601816 0.1101732977769441 0.0852813299810995
0 0.7853639111129774 0.20048672498888426 0.0717983288897408 0.09656963582825073
0 0.049491768889129165 0.06527198489619396 0.09898353777825833 0.058897739433872665
0 0.04845362704557677 0.014962032513403223 0.07513669258397486 0.029924065026806446
0 0.7121820444448126 0.19717306101439214 0.10005162666655243 0.12446267543771317
0 0.29460849778002335 0.32673368102828115 0.08133745778145063 0.10683835276014242
0 0.30760647111261885 0.18359068010796786 0.0665554488905602 0.108513391692314
0 0.23107498666375048 0.19531595263308743 0.10267306666614284 0.06641893504924479
0 0.9367003022227436 0.20964984669432057 0.12659939555451272 0.061056036417775794
0 0.07247786666784022 0.17561603823526828 0.1007798044424918 0.09125320791309077
0 0.33742535111183924 0.2721128462838172 0.047841279995110286 0.08265952991328962
0 0.8971189219504595 0.024502471648802426 0.205762156099081 0.04900494329760485
0 0.9737281422234244 0.09202260691313541 0.05254371555315118 0.14118734530583776
0 0.6735886222217232 0.3045940360118662 0.09393493333417502 0.0750854408287478
0 0.9651356444435402 0.6874522386061515 0.06972871111291978 0.06852581080864972
0 0.5793624177782073 0.4950022659310858 0.047622826674746155 0.048794612371754975
0 0.040935680001146266 0.26488683188001594 0.08187136000229253 0.09463541421248589
0 0.01268238222433461 0.165230583870084 0.02536476444866922 0.07721243796636734
0 0.840414151109548 0.10439046972845273 0.25384277334022853 0.14835018716600146
0 0.5585365333335681 0.28522184662250316 0.044855751107550246 0.10188606374332987
0 0.5749933511122234 0.4350650032715023 0.049370453341139764 0.07224515742199422
0 0.5067995022257996 0.5072009190240245 0.05439487999926007 0.08877706340460356
0 0.4577567288910763 0.5234050999982184 0.05708913777230512 0.07035163515087883
0 0.4260081777814776 0.4595715511268517 0.10645959111344483 0.07246364076093792
0 0.42968547555824943 0.37906044071351247 0.15036871111434363 0.10676552498052161
0 0.41184512000117035 0.27855810478366805 0.09633791999270519 0.08346063548960525
0 0.4178525866681917 0.18897993580274886 0.1392275911134978 0.0908890690148243
0 0.24545649777994388 0.15249321819344486 0.09007559111341834 0.054038212507132366
0 0.21392640000105734 0.253468934691068 0.0733275022254222 0.045808673405678624
0 0.20089201777656046 0.3088180472321054 0.10449351110599106 0.06692872950691497
0 0.6560031288872576 0.7068946908498084 0.14206748444380035 0.08251387435396684
0 0.4338724977802485 0.0906260193728548 0.09043968000138797 0.06401561832054037
0 0.7131826082761917 0.017037624233732562 0.07630255243016615 0.034075248467465125
0 0.6193670867373132 0.020861082665813935 0.06373295540817914 0.04172216533162787
0 0.5393420214816514 0.03626415806377287 0.08280786814995938 0.07252831612754573
0 0.4426905577484932 0.015144101962576928 0.05637517772201034 0.030288203925153856
0 0.38435981807092 0.0231915716149379 0.05563960057786771 0.0463831432298758
0 0.2965872499263949 0.022099154920017072 0.11180063318461178 0.044198309840034145
0 0.29617408000243206 0.07973826631378056 0.1068964977748692 0.07384736857454466