0 0.28151220816394523 0.0713786732921996 0.5630244163278905 0.1427573465843992
0 0.35183957333469557 0.3812436681523798 0.6220094577823249 0.4845962384837591
0 0.920077795556022 0.4482342051980147 0.15984440888795592 0.3405649268044124
0 0.3094960355562054 0.6591181718997072 0.1023089777781731 0.03925418884016241
0 0.5275488711117456 0.7444723635893056 0.1284505600006216 0.04653696970110188
0 0.8636076088891261 0.13879018401115473 0.27278478222174773 0.2476339678345687
0 0.35901212444425457 0.7413043539148276 0.12036778667113845 0.03903570541436985
0 0.7355759506113827 0.9445359887911619 0.09696665677345462 0.1109280224176763
0 0.3760348439268354 0.9565161633073295 0.038632958972205755 0.08696767338534106
0 0.408234037583073 0.9560791964557038 0.031233017394940055 0.08784160708859223
0 0.43846944056244364 0.9555694017954268 0.03476032111793753 0.08886119640914647
0 0.5018518129570616 0.9545862263791983 0.03438522592186927 0.09082754724160336
0 0.5500516786860923 0.9536030509629699 0.06772476182215748 0.09279389807406013
0 0.5982638528829234 0.9531296702070186 0.03453346576748617 0.0937406595859629
0 0.6294164086485075 0.9526562894510673 0.033778381740881325 0.09468742109786554
0 0.6630401276051998 0.9520736669821791 0.039421979648371464 0.0958526660356418
0 0.27990897229044803 0.9499252466282149 0.13881741125757496 0.10014950674357015
0 0.4702692810963426 0.9550960210394754 0.03442599330511359 0.08980795792104912
0 0.3081568711126844 0.10889135771123531 0.6163137422253688 0.21778271542247063
0 0.4920137955600189 0.6420400507808901 0.1070421333321267 0.06336019348971977
0 0.5330830222202672 0.6961146986730496 0.14913080889317726 0.051489260686488736