0 0.01076252444440292 0.8776236678482618 0.02152504888880584 0.07730955476454227
0 0.13573973333049152 0.5337069374489789 0.08090055110967821 0.11281050072235299
0 0.02499839999816484 0.23646575800604247 0.04999679999632968 0.03246903798557821
0 0.04640682666665978 0.566533751268695 0.09281365333331956 0.07119009789801467
0 0.7128934400000919 0.4801419772932087 0.17265095111603534 0.19401366941538412
0 0.41819989333550134 0.8477774890082659 0.10099825778355204 0.09948298514320442
0 0.7389622044439117 0.9287318034441169 0.19857408000777166 0.14253639311176625
0 0.05026616888741652 0.41598054983265526 0.10053233777483304 0.12293358632624185
0 0.4647304533308165 0.3387829186088198 0.1808065422189732 0.15323001518388124
0 0.4790027377816538 0.18788339795239645 0.16595171555462818 0.16444552009753244
0 0.1657770666655981 0.21781568704010162 0.14578119111764762 0.153812638815776
0 0.6524910933338106 0.7830698518927909 0.136460515546302 0.11135394164269674
0 0.7770094933298728 0.8332483121882738 0.167335253333052 0.12664781197944985
0 0.17447879111083847 0.10052626714765855 0.0839588977706929 0.09649703902978413
0 0.147936711113693 0.37840132557649275 0.09218730666778155 0.1825068526857856
0 0.7815286006623259 0.01109990131852362 0.0681662502077719 0.02219980263704724
0 0.9550620697076536 0.031819454227195676 0.04925103718414903 0.06363890845439135
0 0.4231321530675308 0.011609696996431551 0.08013367502846652 0.023219393992863102
0 0.7820703288902424 0.33117239741737614 0.16740807111685474 0.18418189562744258
0 0.8463320177772806 0.3853199812050412 0.08039082667479913 0.11186373732056443
0 0.893772800002868 0.5318862385993481 0.12036778667113845 0.10261458716451766
0 0.9876461511115647 0.03430733190524099 0.02470769777687054 0.06861466381048198
0 0.630026808888134 0.1878833979523965 0.07624021333952746 0.11579644683577328
0 0.04637041777993242 0.8432985698381759 0.09274083555986484 0.12358903791216391
0 0.16009727999981907 0.8969727719249465 0.09233294222503902 0.06503536290843603
0 0.15547335111122165 0.8490155642260019 0.10114389334080949 0.05869933091170165
0 0.410990933334041 0.9516665653674927 0.08046364443790582 0.052654610730914375
0 0.43403775999839933 0.43964963487769354 0.15175224889276756 0.08520870616210574
0 0.8967500631490515 0.0168168957063497 0.0759324107526077 0.0336337914126994
0 0.9746845866656966 0.1286092468266783 0.050630826668606854 0.05172345416488211
0 0.9909957688870943 0.18150196027887522 0.018008462225811317 0.04477120830086956
0 0.9812381866646724 0.9775629465909037 0.03752362667065523 0.044874106818192594
0 0.9145622755556058 0.42169754422044087 0.12175132444956238 0.12009329612087616
0 0.1741147022228688 0.7027770326246154 0.08658033778063126 0.08389780299042326
0 0.41266574222180574 0.5560287053453212 0.23177898666924895 0.16415420828166583
0 0.8322053688888749 0.75670613255032 0.1221882311213347 0.12621084425560958
0 0.7606254933298462 0.5998347196671773 0.10281870222340028 0.13859159643296937
0 0.49309297777815825 0.7553224014245699 0.12277077334001663 0.07974660961329427
0 0.5656558933305658 0.4575288975809594 0.13362062222634746 0.14296127367209954
0 0.9880830577781631 0.09328601923206292 0.023833884443673847 0.03030869586946694
0 0.9456190577759924 0.08180948297360457 0.06284174222706096 0.041584761725317776
0 0.8608591644455575 0.12401328230775 0.08381326222378349 0.08302386754258118
0 0.8924620799978988 0.18467896797705602 0.07376440888684654 0.07443016897237553
0 0.9245383111139138 0.1509232113051424 0.08228408888810212 0.08309669549660836
0 0.6742271999983738 0.6043864667912138 0.10128952888771892 0.09045231884907778
0 0.6807807999973496 0.6878108880807428 0.1422131200010578 0.11776280159337782
0 0.8433464888897206 0.6358481429126023 0.18233571555465466 0.16706732644105893
0 0.5766149688874267 0.19633144061462826 0.034661262223704026 0.1344404030559212
0 0.40076003555829326 0.6635227654267959 0.1655876266666585 0.1717283154960555
0 0.5033966933325347 0.961352683247501 0.04070513777227863 0.06896807242356418
0 0.4683349333341337 0.9525769147923081 0.04208867555070256 0.05971892226743658
0 0.2258881422225386 0.7740027716216911 0.027015395555645222 0.03015077294974655
0 0.1153507555524508 0.7631149925009606 0.04988017777601876 0.04187607354126521
0 0.1424025599999974 0.8026241575377138 0.09626510222959848 0.06452556723048763
0 0.1458249955593298 0.9625179305112501 0.046894648888458804 0.07406602920248173
0 0.25614392888835735 0.9329497811934389 0.04106922667059634 0.057606911601939204
0 0.19963733333473405 0.9353166896979103 0.0830122666640414 0.049959976433522346
0 0.20775651555611854 0.9728655435588531 0.08570652443708643 0.05426891288229385
0 0.068142933331223 0.6571234968020977 0.136285866662446 0.08941354484145836
0 0.1751495478623029 0.020239809543610265 0.08894130017401444 0.04047961908722053
0 0.04251107555400166 0.05017016931482038 0.08502215110800332 0.05228160626591827
0 0.06626258543692529 0.03932073348763887 0.13252517087385057 0.07864146697527774
0 0.7651401955530874 0.7201464996499733 0.08330353777855637 0.09518613585810176
0 0.36693617777588466 0.23117961659634456 0.055268693332456875 0.030660568627614015
0 0.6558771200012417 0.3210493118135277 0.03123882666437161 0.03838033174997735
0 0.6440806399979111 0.36576567556015865 0.03356899555979509 0.05600469661422858
0 0.6186308266646746 0.4135408133741565 0.05213752888763934 0.04682837441212828
0 0.593071786666082 0.3382731229309119 0.09175039999600909 0.11696169409956292
0 0.5740663466664652 0.5435387112369608 0.07267214221258955 0.05425682571862511
0 0.5656558933357398 0.5736530702096534 0.09094940444661515 0.06496253495440885
0 0.5509467022234781 0.6214646220006244 0.1170181688852609 0.10144933990080895
0 0.5367836444431708 0.6672369910800444 0.1122850133313073 0.07180836262892987
0 0.5244774399997874 0.6941105061004231 0.11330446223210955 0.07399320124845454
0 0.5111517866659495 0.723278101671327 0.11446954665912518 0.07639652372998007
0 0.4945493333352109 0.859065821875904 0.05708913778265323 0.12803154310515952
0 0.40593729835107095 0.9858289193681482 0.05707473662785356 0.028342161263703702
0 0.45808655019953015 0.9889605213895019 0.049186970717791045 0.022078957220996398
0 0.5996476511470974 0.9713361565252101 0.06811291103561723 0.05732768694957979
0 0.5442227635170436 0.9654370922524371 0.05240538851875398 0.06912581549512575