0 0.6662499555541823 0.668001078308402 0.10201770666365828 0.11018860620757487
0 0.36259982222173776 0.70772869541765 0.07871601777151227 0.1619692400566929
0 0.20214400000145866 0.5686082414193463 0.4042880000029173 0.6606563234828983
0 0.8005987555564691 0.8305893554785782 0.08148309332836001 0.10545479298648008
0 0.5096553244472792 0.8830254403890145 0.11213937777404986 0.16138661689100486
0 0.44562891740869315 0.9672573813276241 0.06768137258994911 0.06548523734475187
0 0.5888082488853899 0.6830036248244673 0.06276892444325821 0.08935982803479003
0 0.8865601422213432 0.4631726216270491 0.07121578667105899 0.08113027581972809
0 0.76611953777675 0.3554601638735679 0.06160383999554653 0.07209961675188536
0 0.5034294044443717 0.5129869022919697 0.124008675550835 0.08156724319399411
0 0.9071311644485427 0.3853560150620711 0.11745507555703327 0.10916901566770154
0 0.7459854222213229 0.06612133176286444 0.13711587554878657 0.1322426635257289
0 0.5380906666680756 0.4058570677041362 0.16333027555503776 0.09991987291260451
0 0.8880675151375019 0.05643522163358217 0.09025044361543322 0.11287044326716433
0 0.8184027022216469 0.6651607903757533 0.05417642666854783 0.10785811354490316
0 0.5777035377764453 0.16912999270228762 0.17556366221979264 0.13218263071165526
0 0.8983566222246737 0.2295771461406933 0.067429262223757 0.10611024404791969
0 0.3743234844464395 0.17248007590491354 0.10449351111633909 0.09343819019452604
0 0.17631387747824193 0.03291181131961096 0.0995780405898889 0.06582362263922192
0 0.3877694205639677 0.02424529173024248 0.09638862552949123 0.04849058346048496
0 0.9623947377782315 0.98928781977958 0.07521052444353704 0.02142436044083995
0 0.7275625244455619 0.8657652291059886 0.07769656888105803 0.09991987291260451
0 0.6261273600005854 0.8353231686996729 0.07594894221466453 0.09336536229885561
0 0.2618564266659733 0.15587531568328677 0.0862162488926616 0.1286868917176881
0 0.5422412800033474 0.31307432857100925 0.15561159111352435 0.10093946345255866
0 0.08581944889285498 0.9409236174776154 0.0501714488905337 0.06933215671486681
0 0.494399999997889 0.5973580194707775 0.09881372444538611 0.07057023094199455
0 0.900577564444393 0.5472524272230531 0.15430087111890323 0.11397565678446697
0 0.5621205333309869 0.06342669962163766 0.10740622222009633 0.12685339924327532
0 0.6517228088910796 0.06414858103790894 0.03262236444279554 0.06787559880072724
0 0.9813273599992196 0.37434727065870244 0.0373452800015609 0.06472053498261765
0 0.9779413333317886 0.7317862046643391 0.04411733333642287 0.08501437486256103
0 0.9731717688911077 0.4301475914694459 0.05365646221778464 0.06576843091793427
0 0.5287335822203507 0.03308748351802937 0.07645866667023965 0.06532662245088217
0 0.8845940622242374 0.6517604575653304 0.07543921777978546 0.0943121249430584
0 0.9941068800011028 0.8363203545573494 0.011786239997794268 0.023855058450467204
0 0.7324777244435002 0.20153840629276032 0.10252743111923346 0.10363409559374515
0 0.9632008533303936 0.7809571445529552 0.05439487999926018 0.06518096665946005
0 0.9895193599992328 0.24707754566680395 0.02096128000153441 0.08182913599307118
0 0.9405181155591789 0.897991572957204 0.04441884444612587 0.0453717790267103
0 0.03277169778011739 0.9507189694504845 0.04136049777476324 0.06314178557963246
0 0.3727943111107581 0.0876719913518802 0.0412876799909605 0.06583641772081883
0 0.8670230363185207 0.9860833923683762 0.056317077080408784 0.027833215263247668
0 0.7573814044447823 0.651068592556096 0.06611854221878777 0.04151190055414766
0 0.7566896355555703 0.6021282466397075 0.0709973333299988 0.046464197462254386
0 0.762333013334622 0.5416810932013019 0.06451655110965171 0.0725365841261515
0 0.5918301866700252 0.5845767237738375 0.0843958044424653 0.06860387775783738
0 0.27951473777906766 0.7233866929950337 0.08133745777110263 0.15483210627717503
0 0.9570113422193876 0.23194405275124075 0.04755000889094341 0.10836790881492075
0 0.9655623111097763 0.08179196332055427 0.06887537778044739 0.07767259986788977
0 0.8391193600009299 0.12790940373102444 0.07201678222045294 0.0839705637524173
0 0.8308181333303866 0.22531671424174032 0.07551203555324015 0.10108511924398067
0 0.9516177066653553 0.48877162696876403 0.09676458666928944 0.09664261760581094
0 0.8356969244467716 0.4433634339942184 0.06691953777852988 0.07617797891154066
0 0.822990222218343 0.5900752298998779 0.04441884444612598 0.035612841001595785
0 0.7563255466676007 0.6970229947484137 0.057016319998850484 0.04049231001411269
0 0.5380542577761742 0.6477185093534701 0.03320490666147735 0.040346654222771505
0 0.6707282488855222 0.5912768901790895 0.055778417777684 0.045881574296647076
0 0.533648782223463 0.7128994760129705 0.07682275554786128 0.08986962330488846
0 0.47219057778000006 0.7084933883225956 0.04201585777724787 0.05644161917438062
0 0.615714417780853 0.4960908304875394 0.08745415111382804 0.07035174725482107
0 0.9804899555579242 0.8076121543824193 0.03902008888415165 0.058335144462786204
0 0.9653438577790641 0.8527654497219561 0.06931228444187176 0.09445778073448041
0 0.32593607110902667 0.09033020954523119 0.03757397333780921 0.055276372843085175
0 0.41626652444505857 0.08519584289774601 0.03954005333491495 0.06656469667792908
0 0.15583374221912688 0.9246829967345034 0.09000277332961559 0.0769062578686508
0 0.20880867555840976 0.9747586545856162 0.0998331733358403 0.05048269082876755
0 0.8575422577766909 0.8911093368126948 0.05818140444656217 0.05957321868991394
0 0.859544746665698 0.8235250495948521 0.05009863110673096 0.06408854822383525
0 0.8639502222235832 0.7649350074969762 0.045219840005868095 0.04158472844981831
0 0.7363006577775296 0.939940440885537 0.054686151103427116 0.060519981334116735
0 0.5790870755600432 0.8735578139468653 0.04390912000089886 0.047629443793630655
0 0.5651788800023496 0.8210489011407178 0.04536547555277748 0.05928190710706982
0 0.5327721988368366 0.9756690032819837 0.09676928656796618 0.0486619934360325
0 0.4255143822222534 0.8869945607051234 0.08643470221302574 0.11120819674752913
0 0.3349654755555094 0.9245737548909571 0.12597475554794074 0.11179081991321715
0 0.36132551110866995 0.9753048638034286 0.09378929777691764 0.04939027239314275
0 0.09189788444588581 0.23314650352904698 0.18379576889177163 0.3237215774234019