0 0.3655096888904356 0.10938122522096533 0.2111715555501481 0.21876245044193066
0 0.17297948444158667 0.10217125777646952 0.2100064711127844 0.20434251555293903
0 0.44324266666856904 0.6638140772427434 0.1292515555500156 0.20391827115735295
0 0.9065966933344801 0.8969363579479733 0.18680661333103976 0.1825068526857856
0 0.24252046222488086 0.571723129429022 0.22486129777712954 0.17704475613697412
0 0.984184035555356 0.23559938147361892 0.0316319288892879 0.03207164707574672
0 0.6855438222229067 0.8285873231332772 0.12597475555828874 0.06940504014748528
0 0.3592109511140734 0.9696611135835531 0.07201678222045299 0.060677772832893884
0 0.9249392968136818 0.019730013865742746 0.08295350918132394 0.03946002773148549
0 0.029218560001916357 0.9235432427336556 0.058437120003832714 0.10686207328711861
0 0.6048617244439407 0.9690420759746851 0.12612039110519813 0.061915848050629885
0 0.3597570844460279 0.4287982697339362 0.18029681778409412 0.2451388931126961
0 0.0741835377799968 0.8214865976197414 0.1483670755599936 0.15687141288314266
0 0.09928789332819482 0.6197167511049804 0.11068302222217125 0.14500045638365044
0 0.4489952711129768 0.9450088511597124 0.12633884444625842 0.1099822976805751
0 0.656089031111656 0.7789186585156618 0.11905706666616922 0.0825140718647136
0 0.01483704889089697 0.7288793292400744 0.02967409778179394 0.05932269682917701
0 0.9424449422241499 0.6452429489766227 0.10121671111426422 0.08535436207016023
0 0.9515252622206591 0.5479466186198838 0.09694947555868161 0.09438866069792629
0 0.05787235555342502 0.47085641316014837 0.11574471110685004 0.1298522419548711
0 0.7379628058109018 0.9687871781357109 0.1339650782859988 0.062425643728578284
0 0.23458332444230717 0.25291876086079207 0.21859896888749467 0.1730392186678188
0 0.01989788444609278 0.33974539678237076 0.03979576889218556 0.09916340757037279
0 0.9677272177767009 0.41350106730047165 0.06454556444659831 0.11491584719450798
0 0.17200194947525033 0.9941677200994199 0.050036823387361234 0.011664559801160213
0 0.5495930311063097 0.8291335327881584 0.09830400000015893 0.06408859950656653
0 0.5530882844442708 0.8932949602487118 0.15888839110525116 0.13050769354071234
0 0.2386970967726989 0.9855011935752276 0.07900642466007005 0.02899761284954483
0 0.4381818311133733 0.2711257493569786 0.17024796444715729 0.18833308900457169
0 0.31153143778339853 0.9801119249803625 0.06345654667044681 0.03977615003927493
0 0.020953742223274376 0.8451537550740597 0.04190748444654875 0.06656860512347884
0 0.31562951111441684 0.746655874900418 0.2322887111144761 0.22889825937415453
0 0.06591872000135482 0.17022261911109116 0.13183744000270964 0.17252942298995122
0 0.09109589333335559 0.30845007577416683 0.1566310399936305 0.15942039127264196
0 0.18324679111440978 0.39631700225677224 0.14680063999775383 0.14288844571807213
0 0.7005442844445093 0.35251734959908365 0.3643801600051423 0.7050346991981673
0 0.5439860622191595 0.7410481224435519 0.04602083555526204 0.04376960034484234
0 0.5285122844442312 0.7087125108743617 0.04623928888597417 0.05076108392741796
0 0.7103382755588326 0.9202777172000507 0.12342613333215324 0.05979175022146388
0 0.7027288177775013 0.8920568850309758 0.12320767999109294 0.059136298635541706
0 0.6948280888868289 0.8628892894600719 0.12386304000392556 0.06168527702512183
0 0.5774094222268711 0.9449299796238912 0.1284505600006216 0.0709344271811686
0 0.49840017318622104 0.9861202311840955 0.060143564155118345 0.02775953763180883
0 0.9928493511086951 0.6505259039757688 0.014301297782609912 0.07756762766425207
0 0.9173592177788831 0.37304847095860094 0.04492856888100505 0.06940504014748528
0 0.9322504533351296 0.2832880176724183 0.06961379556192293 0.11215504913651175
0 0.9207088355544126 0.13115042179825898 0.08847359999393423 0.1894983362682805
0 0.9943421155576491 0.047865692842171015 0.011315768884701871 0.048564318158828224
0 0.00660863999898235 0.9878457613024583 0.0132172799979647 0.024308477395083572