0 0.40243768888629144 0.1366853463010977 0.07886165332876971 0.0887044479533935
0 0.5509859555556129 0.19301776870832776 0.16405845333097713 0.13291101602215694
0 0.5773459911139475 0.26096624977611643 0.2202737777804335 0.1588377676407472
0 0.10916408888685206 0.1122515677392581 0.09713891555244723 0.09183604997478756
0 0.5048558933349947 0.15274391015477318 0.18757859555383516 0.12329772609621648
0 0.6073833244490541 0.32563747291457784 0.21524935111196508 0.1563616172052752
0 0.6406246400024328 0.40957168988197434 0.23804131555888386 0.19343104578357018
0 0.2705282844447841 0.05410480814652435 0.1226251377724111 0.1082096162930487
0 0.9466172087058011 0.04019466893544066 0.10676558258839774 0.08038933787088132
0 0.8389802666691443 0.8383826829442456 0.14075676444917917 0.12045743589076985
0 0.6341074488850104 0.6456070887465974 0.1363148799993925 0.1492973056687531
0 0.7238553599971864 0.8143858721062056 0.04114204444405101 0.04056517036950191
0 0.5596148622222245 0.9286529319083361 0.10660522667070227 0.13043486558668504
0 0.4001439288879434 0.8440632633550175 0.15714076444920566 0.16910650915260983
0 0.6497996799958249 0.9027261802897458 0.11017329777694407 0.13393060737789209
0 0.5543719822178699 0.7012112316139185 0.1674808888903095 0.18112312156007593
0 0.9000743822246375 0.9318937758606497 0.049006364442821915 0.08244124391076713
0 0.967240391112864 0.41305297598677926 0.06551921777427194 0.13162321851110326
0 0.9825321244438076 0.3279557549882726 0.034935751112384894 0.057340024693517955
0 0.7116947911110603 0.6362851106365234 0.13988295111598237 0.1832351322255732
0 0.7765390222219544 0.6362486966595098 0.07908010665948195 0.13232839239026228
0 0.44387100444485744 0.7160317202498175 0.09954190223167336 0.08287821163468823
0 0.8036636444481297 0.7452721437747083 0.13230990222137828 0.10742123212748789
0 0.4906928355546875 0.7976354426897158 0.14366947556328447 0.16247916534000884
0 0.2682693530857149 0.9849185699433327 0.07046793532661266 0.030162860113334466
0 0.3443655111102595 0.9157259700760141 0.08985713778270615 0.10181347967062193
0 0.25822207999622654 0.9503920761727835 0.05563278222042653 0.05432965367265241
0 0.3780447112862021 0.9851370538052933 0.04929959145891999 0.029725892389413366
0 0.33364994465890857 0.9878316881027258 0.04468740932643411 0.024336623794548262
0 0.23776028444473113 0.9223533138886152 0.13238271999483306 0.09802642606346756
0 0.11983189333437216 0.6438228038739398 0.1401742222201493 0.14689398318722757
0 0.0493391644468324 0.6547469969716435 0.0986783288936648 0.17398598206952653
0 0.039800035555122626 0.769531596227518 0.07960007111024525 0.161735398248387
0 0.04551623111280302 0.5009707721328811 0.09103246222560604 0.09846339378738855
0 0.011546737778310974 0.39697603914144786 0.02309347555662195 0.04941957741280034
0 0.06667491555110447 0.5590146514586607 0.12255231999895637 0.11783562954732418
0 0.2809048177777893 0.4035997976552145 0.09371648000346289 0.08855879204541983
0 0.22228650666980282 0.3330295102440205 0.11716380444251831 0.10079388831488689
0 0.15005127111346356 0.4191849798079552 0.10784312889186873 0.09948298514312359
0 0.09478257777583268 0.34442708504261865 0.12968846222178804 0.13844594052507664
0 0.198402275553801 0.4807974288790903 0.14454328888613316 0.12497276903787358
0 0.35434154666339357 0.502900712913472 0.111556835555368 0.15082669270243643
0 0.17932401777555546 0.26955994834632196 0.13915477332969506 0.13363929556202547
0 0.056220444441876474 0.21923583214282494 0.11244088888375295 0.17092720800215977
0 0.014896355553840597 0.1450407693659443 0.029792711107681193 0.04977473723875192
0 0.07257315555794372 0.059706198939222854 0.09692046222173505 0.07486713669629663
0 0.032955164446805914 0.026794325402264896 0.06591032889361183 0.05358865080452979
0 0.3645724444443153 0.2543024919864614 0.09342520888894801 0.12468145722192614
0 0.9803111822240882 0.744922723928386 0.0393776355518235 0.09477855922608003
0 0.4822823822239621 0.46310023606077133 0.10747904000389907 0.12846851082916144
0 0.562209221534431 0.9917643976178944 0.05659806972576509 0.016471204764211267
0 0.5063339393896361 0.9805853066812569 0.05320035877327123 0.03882938663748636
0 0.6586650096035251 0.01714462149927032 0.0378293052419193 0.03428924299854064
0 0.2454061511127899 0.5321047224613087 0.16121856000067458 0.13626110190547125
0 0.27347740444561675 0.5898572899712217 0.1449801955475575 0.1235890379121638
0 0.1440073955545409 0.1700769632031175 0.10303715555411244 0.09664269493783872
0 0.10617821587560078 0.013284739938088652 0.07252689017396835 0.026569479876177304
0 0.4182391466676361 0.35327568145175786 0.11963960888485115 0.1347317148717878
0 0.31057806221975226 0.16250285598872782 0.1122850133313073 0.13830028461702204
0 0.028695324446178144 0.4502506598391636 0.05739064889235629 0.08223187536222076
0 0.309558613334472 0.9529046405852287 0.05912803555321361 0.0672202015279606
0 0.46877468444613946 0.26020155625923436 0.0656088177735607 0.05331006231683655
0 0.8124381866668248 0.5295193300948767 0.03203982221376567 0.04063799832344839
0 0.813858133331976 0.6166943910145868 0.09386211556072044 0.14623853160138633
0 0.6866454755525209 0.7317261443335589 0.11279473777653448 0.11077131801080209
0 0.6216191999976419 0.7964337814489935 0.14512583111516297 0.11346595230827505
0 0.6308180650799639 0.9731568553748005 0.03842261905471478 0.05368628925039909
0 0.6041478542817964 0.9883050698036202 0.035035193007853294 0.023389860392759698
0 0.7736991288864778 0.9609581730823471 0.06699235555198457 0.07808365383530591
0 0.8389802666691442 0.9472604741513895 0.09415338666488726 0.09831773787941489
0 0.8861661866669439 0.18857526351521092 0.04026823111085431 0.04085648218544935
0 0.8501213866648161 0.12430459412369738 0.038520604444460815 0.03612266517650642
0 0.8831078400007553 0.11021238502766678 0.0864347022233738 0.104945081692016
0 0.9120893155535061 0.08202796683552471 0.08395889778104093 0.09635138312181035