0 0.44158094222139976 0.6596700576533125 0.14250439111557273 0.05010547265719678
0 0.05208988444258769 0.03869205066514286 0.10417976888517538 0.07738410133028573
0 0.11794232888561157 0.5367004492497188 0.148111360002723 0.07435710404507212
0 0.5201149155541013 0.4480326978541222 0.3671472355619901 0.4034655792456069
0 0.11131591111318105 0.4644917630002696 0.1504415288877984 0.08884982070025504
0 0.3771372088852028 0.2657813238356994 0.1764374755529894 0.1358237013164072
0 0.07381475555400054 0.20446038200809913 0.13558670222345323 0.12242340048949751
0 0.365304320000319 0.18821980002765487 0.15160661332516207 0.048284779610047734
0 0.15325895111180016 0.6650957229337955 0.10878975999852022 0.07421144860129691
0 0.5056241777777257 0.8722541778370414 0.12597475555828874 0.05505775774539012
0 0.09828152888868417 0.36963365524443115 0.15524750222555464 0.12242340048949751
0 0.052854471110428375 0.10974944610950121 0.10570894222085675 0.06787846962421074
0 0.1251876977737993 0.6006067752041866 0.1483298133334352 0.07574083076089566
0 0.4656472177813864 0.7897767828017673 0.17345194666542935 0.056441484461213554
0 0.973340728889323 0.8745260044833695 0.053318542221354126 0.04687271835859774
0 0.9934384355580228 0.9937617654467472 0.013123128883954505 0.012476469106505461
0 0.9157054577798893 0.17413841594401686 0.16858908444022136 0.08868260505411307
0 0.9640928711121282 0.528782030261497 0.0718142577757438 0.0409624020269701
0 0.9801855999976397 0.279527586388986 0.03962880000472069 0.08284147354991034
0 0.9628549688909617 0.5994690445245898 0.07429006221807666 0.11836285004475477
0 0.9442500266660419 0.42422339328688363 0.1114999466679163 0.05446441499174748
0 0.975134368866889 0.01634809997062231 0.047514871145702076 0.03269619994124462
0 0.9717751466669142 0.6950634541170881 0.05644970666617155 0.08215142303199141
0 0.7762514488926778 0.6331243530260795 0.15386396444713069 0.12387995492724901
0 0.15988536888423066 0.8348571426488426 0.1992294399999082 0.1365519785352829
0 0.6539903999978883 0.7835864264414851 0.06633699555984807 0.04493470440330016
0 0.7324151466652338 0.4030979934507817 0.18561251555672953 0.3779758765856023
0 0.029334328887570236 0.8246033735623055 0.05866865777514047 0.10832470184236831
0 0.8504495732279287 0.9632554153208543 0.17410092424187396 0.07348916935829142
0 0.0999790857390811 0.9898011199481277 0.04606633148052626 0.02039776010374461
0 0.6311411780512167 0.9776388903932665 0.26643939701219405 0.044722219213467196
0 0.04739313777536154 0.9592498906171589 0.09478627555072308 0.08150021876568214
0 0.19993514666437273 0.9580846470669981 0.15641258666291832 0.08383070586600372
0 0.22780440403665933 0.9885994625370029 0.11049075794095792 0.022801074925994147
0 0.008581262221559883 0.5468044744399563 0.017162524443119765 0.10257620383293775
0 0.02813283555313117 0.6743651368994432 0.05626567110626234 0.14562320262143624
0 0.17925489777699113 0.9053907912949585 0.17782101333141326 0.09686087010764566
0 0.989688319997448 0.978565885281026 0.020623360005103897 0.013579489288291557
0 0.9852828444447368 0.36836418106454655 0.0294343111105263 0.060728298146284554
0 0.9372879644441936 0.3784822234535088 0.08446862221592 0.0691863357911755
0 0.9579397688878493 0.46139627387003934 0.08412046222430136 0.05134416582946377
0 0.9611437511112955 0.4971877507823246 0.07771249777740907 0.04734533791462292
0 0.4709629155540218 0.061281080781289354 0.0736915911133918 0.10203163836154228
0 0.6778382222219888 0.02450480482178824 0.06975943111918037 0.04900960964357648
0 0.6072049777747857 0.027197706938874244 0.07150705777522592 0.049158712272698635
0 0.9655492266691807 0.2176886985096212 0.0689015466616385 0.06333994808178967
0 0.8569335466664698 0.7983340401232947 0.03560789333035552 0.03218985307341904
0 0.5252121600011984 0.9722860528346711 0.1268485688914855 0.055427894330657757
0 0.5184401066663364 0.9391828542498233 0.12626602666245573 0.056514312183141624
0 0.5119957333327168 0.9053179635730709 0.12633884443591037 0.05695127851446702
0 0.6264288711154626 0.7253970766549698 0.08956586666819122 0.09285534540395035
0 0.6999384177745216 0.7346097834734853 0.03560789333035552 0.04923153999454577
0 0.8114952533350637 0.7479372565785478 0.1445432888861331 0.08331491383696088
0 0.7935456711074544 0.6999073739950459 0.15335424000190367 0.05658713990498876
0 0.6741973333371183 0.6471801033499773 0.07107015111380155 0.07930938913326557
0 0.579752675557716 0.6735801525334757 0.1350041599944234 0.11273731347873295
0 0.46080483555690277 0.7592983811926861 0.17381603555339903 0.058407832952137806
0 0.4704167822220673 0.8195269071919729 0.17352476443888415 0.056951278514386194
0 0.4492996266680873 0.7089015976478987 0.14774727110440528 0.08651933359993347
0 0.3569666844430483 0.13105003834756546 0.1521163377807372 0.051634854816795306
0 0.34393230222372545 0.04158118201124594 0.15328142222844887 0.0603013537212147
0 0.3487382755563077 0.07468138160819898 0.1516794311193128 0.048867401385148335
0 0.3527432533343219 0.10217384661997048 0.15167943111931287 0.04908588455085139
0 0.36126293333557746 0.16047243798929706 0.15182506666622225 0.0503239558228189