0 0.8901926741107471 0.010409421673418295 0.0485291150915953 0.02081884334683659
0 0.09615118222104178 0.4356612393313086 0.19230236444208357 0.3643150949579259
0 0.8503580444440659 0.26792359795688114 0.29928391111186814 0.3887548423544178
0 0.2852178488909784 0.13796237349427182 0.10893539555577766 0.1066927396120988
0 0.3239933155528787 0.23773647128848635 0.15808739555585713 0.10144913739218697
0 0.4208773688930604 0.40553174232344447 0.38972074666784867 0.22846083560615127
0 0.19794574222113523 0.19990242471617797 0.07085169778308936 0.23712734483065956
0 0.3790731425138397 0.010992044142306368 0.0865211638621986 0.021984088284612735
0 0.047035591112863685 0.10804002472348395 0.09407118222572737 0.20910839965116557
0 0.8025881599997067 0.03761060818884249 0.0782062933366332 0.07522121637768497
0 0.604305351111624 0.25332162233079797 0.06233201778183384 0.062267776360595106
0 0.46533262222591376 0.24094089486728998 0.07667712000095178 0.07421153697255822
0 0.7279499377744894 0.6240515820544961 0.03830215111374857 0.069477729412883
0 0.5368396799959656 0.2653017968469656 0.05352106666606338 0.036705215538898384
0 0.628808533333035 0.03217998148983087 0.06619135999224257 0.060592736762582144
0 0.41661752888725867 0.1143297496007063 0.11017329777694412 0.09103476076109529
0 0.2192085333323727 0.04103351519347914 0.13434880000228683 0.08206703038695828
0 0.5286840888878538 0.11986466305498139 0.07740529777689115 0.1139026926643868
0 0.7368337066637145 0.055885433192007394 0.05475896888722975 0.06357867691559316
0 0.8415092622240385 0.07125210080852645 0.1186201599943969 0.09664250202402191
0 0.6106040888879862 0.13013338406885094 0.06706517332543926 0.10137630958361632
0 0.40227242666296664 0.6052255935290954 0.32163612444160716 0.08309652962277814
0 0.6952183466663377 0.4967121587018022 0.055851235561486745 0.16291580785810122
0 0.5250532020038615 0.014451365051228349 0.12850337377231985 0.028902730102456697
0 0.9504460800025198 0.1306844013236671 0.09910783999496031 0.20108719694972743