0 0.24153002666619916 0.34686772057996756 0.12517376000889477 0.04209449013303612
0 0.13696369777640535 0.3666768924073238 0.04594801777145929 0.10341552939256804
0 0.1333228088915348 0.6332996058624201 0.05716195555610788 0.09059782997493115
0 0.11839516444338694 0.8472677927324807 0.08046364444825384 0.08156717811246295
0 0.1567701333357642 0.818391555123875 0.06954097777812017 0.07290066543796658
0 0.19678350222400492 0.7741122298628041 0.08985713778270615 0.09081631348769825
0 0.23828963555602561 0.9501432292527645 0.12641166223006114 0.09971354149447109
0 0.04062577777852615 0.590913804378974 0.06022030222747061 0.04952292956824933
0 0.12800711111372542 0.7141020916800769 0.06298737777397037 0.06853099518197814
0 0.2064318577758968 0.6346833347768274 0.07871601778186033 0.10021110453813864
0 0.04250410666896237 0.7748040943200483 0.08500821333792474 0.08302373486451298
0 0.06427662222025295 0.8741776787257782 0.1285532444405059 0.12970637876630497
0 0.05582975999762615 0.9681681190588796 0.1116595199952523 0.06366376188224088
0 0.05176689777419799 0.49925997075886713 0.06677390222127239 0.07887254812121058
0 0.27833941333616774 0.519360453936593 0.1495677155546016 0.04872182335466213
0 0.0467060622241762 0.6488847631089119 0.04529265777932273 0.05462087820026307
0 0.19248832341594002 0.9903441956082163 0.042518205599238496 0.019311608783567413
0 0.01377749333365096 0.33578396868933924 0.02755498666730192 0.16592965520448155
0 0.008461795555841591 0.4785475375751569 0.016923591111683182 0.11505381018141225
0 0.11996074666579565 0.4645210922234821 0.07121578666071099 0.09358377131651274
0 0.12079815111226505 0.25430353898989 0.022355057775146445 0.09409356617968978
0 0.09287253333152168 0.2770986521587874 0.03888469333243039 0.1425969060215848
0 0.053805795560280485 0.27542361189401054 0.04915200000007948 0.14303387304719983
0 0.06400028444412682 0.4032364668827312 0.09546410666985644 0.11535929475905582
0 0.17326335999597278 0.42348260573562163 0.02839893333406912 0.046027193363490704
0 0.22117745777488584 0.39824776000710094 0.12218823111098676 0.0650352589772194
0 0.24258588444338075 0.29854645033213945 0.12539221332925887 0.054256739012371824
0 0.041754453334336486 0.7040882640100354 0.07325468445196748 0.052727354422759554
0 0.19965980444620882 0.7046708867108555 0.06808462222624156 0.04122055608180608
0 0.2147694933331675 0.8437720565276412 0.0799539199926787 0.08156717811246283