0 0.2983213511140396 0.5774406544229145 0.19537009777915149 0.13196404173194232
0 0.17966478222256732 0.7292138679821726 0.16820906666624877 0.15847337461844613
0 0.6636481422206595 0.31154621934380283 0.2610517333365149 0.15701681786655775
0 0.47129998222096925 0.36234363607007575 0.17053923556167216 0.25686378321664327
0 0.24723968000358176 0.2323095320345393 0.16223800889112883 0.08040193271082274
0 0.20083141279820765 0.01059081541546808 0.05005194560314216 0.02118163083093616
0 0.8893832533309857 0.3925307747554861 0.10594986666821771 0.19911130799951293
0 0.08522012444833915 0.09411871018776474 0.09029404444413053 0.06663747140439358
0 0.23990239338535402 0.9731932398532908 0.09659099121474557 0.05361352029341837
0 0.2522641066668762 0.791627324805742 0.10849848888400526 0.10778519964863764
0 0.10410626692593924 0.9800754705065458 0.08990981385318769 0.03984905898690838
0 0.06195484444809457 0.9262859965288558 0.09429902222214473 0.08666512674447668
0 0.8964465777751887 0.618260657397927 0.07725966221963365 0.08164000595010579
0 0.8632780800004387 0.7621684644963569 0.05519587555900218 0.07348328813878668
0 0.15148430222438442 0.8492705582664486 0.10107107555700673 0.11499515557100282
0 0.6193385244398895 0.86660358361536 0.12568348444377386 0.11193638639177839
0 0.4909607822230706 0.7239338497561323 0.1457811911176476 0.15271997544805016
0 0.583621404444178 0.6997185937540062 0.08352199111961656 0.0853542256676314
0 0.6793767822182013 0.7360596847166061 0.12721265777945523 0.15264714761048814
0 0.4039799466677424 0.8900177334038585 0.10653240888689952 0.1149223277334408
0 0.7665396622175145 0.8669677228033321 0.152698879999419 0.1247540858094962
0 0.5351975822252117 0.818173071611108 0.07303623111090729 0.07493984489083694
0 0.737412551107506 0.6239776426495822 0.12794083555539448 0.1389555141416211
0 0.5286075733343346 0.5687741417484588 0.07034197332751413 0.05287301009788359
0 0.40900437333103684 0.6286022103372 0.19129230222768256 0.1648093964897429
0 0.9858154666661803 0.6160061811255128 0.028369066667639498 0.08179203501167609
0 0.9817740800014387 0.8737393301078122 0.03645183999712265 0.06678589026438131
0 0.9619312355553524 0.9627060312388533 0.07613752888929515 0.07458793752229342
0 0.009521754593071011 0.9773808405153339 0.019043509186142022 0.04523831896933217
0 0.008240071109806497 0.8640970610001525 0.016480142219612994 0.03296588974456438
0 0.016868977776418128 0.21553186386590067 0.033737955552836256 0.14352537111399022
0 0.033325795555073354 0.7734877894597358 0.06665159111014671 0.1019481650735834
0 0.6260013511093954 0.6078826905398729 0.09415338666488726 0.14667526492724436
0 0.47971043555686876 0.030212282693404424 0.22173013333231212 0.05724268035387248
0 0.8478407111122377 0.8409317708611839 0.06684672000507519 0.07107996949802531
0 0.9740189866680238 0.686684134071135 0.05196202666395244 0.052002522541961804
0 0.9642763377736425 0.7759329258028669 0.059419306667728544 0.10844065018701976
0 0.699829096129785 0.9934029647874003 0.028380305961602237 0.013194070425199378
0 0.6365963377782868 0.9553140057223808 0.1277223822143343 0.08937198855523854
0 0.30396472889309123 0.8773092757426051 0.08927459555367628 0.09970130967496149
0 0.4841523200014813 0.9578204502098517 0.062113564451121595 0.06190366196035202
0 0.4051024446988271 0.9848456938693685 0.060585646848711705 0.030308612261263024
0 0.3466503271419141 0.018128496607105193 0.05123495459556576 0.03625699321421039
0 0.21367068444378673 0.14935862500766933 0.13427598222883208 0.09715233535899503
0 0.16684885333395666 0.09765086031142567 0.075002311108013 0.06743857761798089
0 0.36003441778011624 0.14477047123883263 0.16602453333843087 0.07661488515565418
0 0.33695118222385645 0.29596106209731105 0.03873905777517295 0.08724774944529667
0 0.31863751110827754 0.21144435656204774 0.08934741333747903 0.08382484107810018
0 0.14387484444305298 0.25069856102866694 0.05541432888971434 0.12519105283511123
0 0.24130503111001517 0.299201900870562 0.16216519110732608 0.07916385947162063
0 0.3811515733340962 0.29060821603370873 0.052428800002154385 0.1141212215198536
0 0.6104547555558384 0.21169925399363632 0.1098092088889745 0.05942751548194769
0 0.6778476088876939 0.371228632257339 0.045074204448610544 0.05862640926836049
0 0.9520644266675744 0.33885665844393437 0.09587114666485119 0.18775016533384525
0 0.9842134755570442 0.47717562146239223 0.031573048885911725 0.11656233899121449
0 0.8146722133323137 0.5025372234508991 0.3302286222266654 0.061830834122709066
0 0.008385706667063965 0.38066983230560053 0.01677141333412793 0.07057002179987115
0 0.020719301053840254 0.013066961893912876 0.04143860210768051 0.026133923787825752
0 0.7937735111142199 0.7766976180976325 0.0846870755569803 0.08287807918922718
0 0.7316963555549996 0.8081228300222045 0.08257535999226895 0.07712468001883122
0 0.5942163911078953 0.7795014898452683 0.04864227555485234 0.048284856329047
0 0.30604003555555315 0.945221234304982 0.08468707554663218 0.0716625921988453
0 0.33400206222302387 0.9717366831012811 0.08352199111961661 0.05652663379743772
0 0.8346971022223846 0.6103588370183177 0.042452764438672186 0.09555012293173981
0 0.8143233333093425 0.9912181296594059 0.037442437228229375 0.017563740681188156
0 0.8977774199305308 0.984627210356561 0.06555974369661677 0.030745579286878044