0 0.05975907555677824 0.21583936553178784 0.11951815111355649 0.18132224372737937
0 0.7547076266672876 0.18140140163369395 0.21364736000282902 0.14973421344199356
0 0.33338396444192364 0.22702809653711953 0.05213752888763945 0.04143908922595729
0 0.21319822222511803 0.16297593665273657 0.07026915555405946 0.0805476848574187
0 0.21407203555831478 0.250697172105531 0.05002581333327624 0.07319206444999327
0 0.1479170844476256 0.20579875645038537 0.07500231110801298 0.1647367659561565
0 0.5622151661405547 0.9885960681031418 0.09987742574885483 0.022807863793716354
0 0.5169211733361914 0.18405962088981476 0.26454698666930204 0.153885405157149
0 0.37984170666378403 0.545213300101457 0.12553784888651637 0.11790841029317001
0 0.34969514666849544 0.417691603731315 0.16442254221894675 0.22263496619283663
0 0.20154737777904505 0.44540262912757905 0.1639128177840677 0.20173335176772722
0 0.5371645155569745 0.6422929238943862 0.11221219555785256 0.0841162531739501
0 0.6550929066673334 0.6286741019519552 0.11534335999232204 0.08484453242223
0 0.6003703466668311 0.31489498783957 0.10609550222547515 0.08142161995535468
0 0.2954459022213187 0.7045607996205439 0.2188902400020096 0.2272959533815858
0 0.5463031466636392 0.7217481898794658 0.1150520888881551 0.09387519510057818
0 0.6148974933351079 0.39449590967426523 0.111265564440853 0.0958415490708936
0 0.7728028444469803 0.6273631993050917 0.09648355556031063 0.12810431976876613
0 0.631427128887218 0.5067601557934072 0.11985806221556328 0.1498070413669429
0 0.4903790933338718 0.36594736314249937 0.10777031111841395 0.15337560968331243
0 0.6650689422256417 0.689703902956037 0.11330446222176149 0.07144419425420223
0 0.22022513777741956 0.5653138073534583 0.1567038577774333 0.10276020192935109
0 0.8655726933334437 0.4741332454713947 0.12721265777945523 0.16014860669219488
0 0.15126670222315525 0.39100016928264275 0.13048945777118207 0.12642927749776256
0 0.8370645333340184 0.2906797028349688 0.13340216888528733 0.09882749398872015
0 0.9774468902912405 0.016546355744321672 0.04510621941751902 0.033092711488643345
0 0.8141095119166291 0.024572945074926744 0.21668987122053907 0.04914589014985349
0 0.05809635555682083 0.43189304907236986 0.0654631822163032 0.10115798758321615
0 0.08219904000353483 0.5351994604379107 0.07842474666734536 0.11419418612706356
0 0.52147228444616 0.5479443472824461 0.10252743110888535 0.11798123821795758
0 0.504432924443649 0.4663406575150417 0.11476081777364017 0.06911370065978728
0 0.9048578844457451 0.6423293378568203 0.11519772444541254 0.18090456526748633
0 0.952865848886884 0.2854363051053594 0.09426830222623217 0.40965665143002383
0 0.3908007822258191 0.31001551687621554 0.07230805333496793 0.11463115367595056
0 0.6978005333286192 0.2975619417309921 0.08192000000013244 0.08651957469323357
0 0.7129466311126533 0.379384115272921 0.08454143999972275 0.09125338980685116
0 0.7260174222238776 0.44995437442918734 0.08825514667357004 0.05964607043239034
0 0.7335904711133077 0.4986398421753078 0.08607061333540422 0.05287307342358882
0 0.7406173866656092 0.5420088714091464 0.08221127111464743 0.047993602460315365
0 0.9355352177802059 0.9384540418605423 0.12892956443958814 0.12309191627891558
0 0.8189021496671356 0.9581175815635352 0.0909607082294922 0.08376483687292968
0 0.6973447446814842 0.9555321902322019 0.16809848491102464 0.08893561953559614
0 0.8532664888900601 0.36791371711281484 0.12910592000310628 0.0786541588119718
0 0.43671239111055105 0.6905414240915791 0.09815836444290149 0.1446362587041956
0 0.45179115289615257 0.039684739476311404 0.11926455642614098 0.07936947895262281
0 0.6625203200046801 0.03949619011040678 0.0566522311108808 0.046100076414787305