0 0.5586486044443316 0.2387534610000389 0.40923591111269264 0.44621651700858544
0 0.06221340444559852 0.46473842138481575 0.12196977778027455 0.08280531742104114
0 0.9748400355534007 0.10260134847741864 0.050319928893198584 0.16371783254322714
0 0.6452574899575363 0.9462101194677466 0.1503529887956877 0.10757976106450684
0 0.5222674922086299 0.9743945151071016 0.08638273152626225 0.05121096978579687
0 0.07263029114757147 0.9891785779359933 0.0513286443737646 0.021642844128013428
0 0.009570844445584549 0.05458773933726757 0.019141688891169097 0.03302308992634995
0 0.018017706668211356 0.023002470299839373 0.03603541333642271 0.03146495162131613
0 0.07335452444644437 0.3650006182114281 0.05089962666647301 0.050688215413412396
0 0.024862577776528068 0.3618326047481 0.049725155553056136 0.06445268770234991
0 0.006257635556782285 0.3294157501101905 0.01251527111356457 0.02501126723559033
0 0.006476088887494472 0.2476805887497625 0.012952177774988943 0.025874953373949516
0 0.02679224888690644 0.2887498114042169 0.05358449777381288 0.08171289898541623
0 0.05165482666860852 0.3283317727220024 0.0782791111100879 0.07828998788703889
0 0.06964081777777109 0.6173856907907007 0.1199308800097141 0.04085644949270817
0 0.06803882666863502 0.5850136911481036 0.11963960889519917 0.03539435731458396
0 0.06650965333812767 0.5525688636097956 0.11993087999936608 0.041002105284130175
0 0.06483484444518883 0.5191044455315335 0.11978524445245663 0.037433538394330834
0 0.06651434666580625 0.6627945342193484 0.1330286933316125 0.05098082790446079
0 0.06735175111227565 0.7028557142514544 0.1347035022245513 0.04210749941231651
0 0.10513948444277049 0.8485778457186737 0.07733248000343641 0.06700166405219499
0 0.1227613866639634 0.7894051804551906 0.11752789333048794 0.05687858654864675
0 0.04073216000364886 0.8296790067822106 0.05614250666565365 0.1265020548464384
0 0.009279573331069615 0.8313112225482249 0.01855914666213923 0.12495984526162085
0 0.0744878933351073 0.7435666862576743 0.1489757866702146 0.04807974347040678
0 0.44133916444455584 0.5515856870177172 0.09291548445406883 0.0796737179055077
0 0.47909518222117586 0.4716570714771602 0.12036778667113851 0.12693902222070452
0 0.8880034133326262 0.464993319019784 0.0514093511117002 0.10516348140363596
0 0.8018235733318659 0.4423438434543451 0.03822933334029377 0.030150748823471574
0 0.7353773511118359 0.4062576211305266 0.07806065777937565 0.04682833694084987
0 0.9490975288881196 0.9650296509572748 0.06131256889137959 0.056660102861554096
0 0.9720001422230982 0.9323663397317933 0.055999715553803564 0.10363409559382597
0 0.9571817244454804 0.8148221160576079 0.08563655110903912 0.15184616255314454
0 0.9188053333303994 0.8434798930191048 0.08432298666901061 0.11230061518315393
0 0.8433297066638867 0.8383819403194548 0.11046456889145906 0.11084405726901447
0 0.794874753901321 0.9723553340272335 0.1265467410803669 0.05528933194553298
0 0.8487934882856077 0.10180700066025206 0.09764374343471394 0.2036140013205041
0 0.8881854577766111 0.9196578719306049 0.11323164443795886 0.11332020572310819
0 0.7431688533319781 0.9267585917622068 0.12495530666783461 0.13028910542324967