0 0.8796658278701619 0.9944586003749005 0.031579603016790414 0.01108279925019895
0 0.9216135111120012 0.7279742972802901 0.15677297777599764 0.34243787191225084
0 0.06801038221973511 0.11596562883478145 0.13602076443947023 0.19816470422397692
0 0.699157048891195 0.6007809305691143 0.1215328711085022 0.17835551659114623
0 0.7623264711143242 0.5916046157097689 0.10354687999933954 0.14412640560801937
0 0.6274315377749089 0.4537049951849403 0.133766257773257 0.16619325800777018
0 0.9347589688892993 0.48633189246254604 0.11883861333545709 0.09569585496152722
0 0.702652302218808 0.9008318608898528 0.05162780444241233 0.08644671220651112
0 0.295586457879593 0.9583723780511225 0.147572702417771 0.08325524389775496
0 0.7829339022230771 0.8573900210994643 0.07573048888395228 0.09088921384468096
0 0.5392856177770429 0.8085225030787868 0.11650844444003366 0.13138152385887436
0 0.256315733337154 0.7890774549244708 0.1355867022234533 0.10924184356337208
0 0.7749239466670487 0.7597642269016557 0.09102222222006984 0.08542712166655675
0 0.0810744767025527 0.9936939074699551 0.04945381992600031 0.012612185060089875
0 0.9597718755559375 0.950864625241866 0.07434695111587641 0.04945014118636559
0 0.645902440391688 0.9848453181413293 0.12381341410800817 0.030309363717341387
0 0.74058819587032 0.9836072439142824 0.05948778730299731 0.032785512171435105
0 0.8037233777809889 0.24224919999404643 0.14061112889192173 0.14835042355909678
0 0.8789077333381606 0.37199209619952406 0.12306204444418345 0.08972396751338552
0 0.7088418133349883 0.4415427366015238 0.08410453332795031 0.09016093488765164
0 0.7525324800000008 0.36969801748468767 0.06458936889345446 0.0682397382792419
0 0.6859406222227133 0.7833968790592136 0.08563370666363179 0.1361881649756398
0 0.579735893337056 0.6026744558575199 0.05250161777560913 0.06576358982522901
0 0.6462549333357148 0.6318056141410777 0.10878975999852025 0.1688878901490375
0 0.4898423466676225 0.40101401263949515 0.0476228266643981 0.045226123235288296
0 0.5664102399980442 0.48585851114040424 0.09750300444041693 0.14339812665090923
0 0.5025490488857031 0.5323227086026989 0.14148494222511848 0.1592746079154258
0 0.3893174044425703 0.546596976161654 0.07973546666196651 0.08338794058672916
0 0.21830485333274635 0.711697815733759 0.10645959111344483 0.10290581663671583
0 0.14705265777496002 0.7355125376305742 0.10726058666283886 0.11339303361877884
0 0.09673557333234284 0.7537923394535544 0.07915292444328466 0.1085863925020134
0 0.05752319999867016 0.7795005866387753 0.10238179556197591 0.12650205484635757
0 0.19906850206769175 0.9908536195373063 0.0494911730289459 0.018292760925387452
0 0.14564064089726242 0.9904894800587511 0.05390101512894034 0.019021039882497592
0 0.01296014222316444 0.9513929100538272 0.02592028444632888 0.059017678012078356
0 0.04518200889126294 0.9159800631972996 0.09036401778252588 0.08979679540905616
0 0.030181546664486327 0.8106789975357644 0.060363093328972654 0.1427576096058093
0 0.49093461333153143 0.051264441038261666 0.1058770488844149 0.10252888207652333
0 0.4097904041099052 0.07052741945323948 0.1423363473266363 0.14105483890647896
0 0.22613276444478997 0.23340061066546108 0.053812337780578284 0.06452551559810138
0 0.19426436454782056 0.08006787379114011 0.10385939535788363 0.16013574758228022
0 0.06652217467522456 0.006875838603670303 0.07127664620056748 0.013751677207340607
0 0.6899456000007276 0.3806222018410168 0.06058439110509217 0.05833514446286703
0 0.8215273244461665 0.5920415830839945 0.057089137772305176 0.07741605313858757
0 0.7988081777778765 0.5273339977466358 0.06247765332874322 0.06889518934060057
0 0.7281749333306733 0.5057405266689055 0.0656816355573634 0.06299612978821045
0 0.789305457778068 0.46754229536962927 0.06691953776818182 0.07064305883766508
0 0.7721932799969282 0.41820139602680995 0.05614250666565368 0.0495957969777876
0 0.7319614577779754 0.3124917054053211 0.05956494221463793 0.06772994300930524
0 0.7973518222208238 0.9296717075905665 0.042962488894247364 0.03983685895283473
0 0.7546077866624626 0.9297081215384422 0.03174855110959873 0.037724849977174846
0 0.63999260444608 0.8971904661043828 0.06801180444243882 0.10887770408485742
0 0.5841413688897672 0.9155430958230335 0.05796295111585004 0.08688367958077725
0 0.5296736711067045 0.9531587039567024 0.0583998577772743 0.0528730522846621
0 0.607916373335239 0.7778255450375027 0.09866808888812861 0.12315197164381242
0 0.10889614222364292 0.8698435912657247 0.09866808888812859 0.1013764308268249
0 0.1735947377772795 0.8310263228528443 0.1000516266665525 0.10385257928091851
0 0.25322097777906394 0.9007954469419771 0.1449801955579056 0.12715750590779717
0 0.9370144711134749 0.2663275518021993 0.1259710577730503 0.26886312640465493