0 0.525448838621378 0.9557505738056068 0.23235133058494994 0.08849885238878641
0 0.5052834133358879 0.8967170847822814 0.21080746666217842 0.09351101809027762
0 0.45547605333332386 0.42825164563464735 0.2728482133294973 0.12154975793825096
0 0.02972828444196946 0.5879505864778218 0.05945656888393892 0.10042394116410713
0 0.019679431110206577 0.3697693622322803 0.039358862220413154 0.2456455259299486
0 0.29657630306254656 0.0867316262484758 0.14136202497821712 0.1734632524969516
0 0.11858460444232657 0.5969938799922223 0.08315790222129889 0.08455318691810554
0 0.8699512254498485 0.026102403070812796 0.14586124688179958 0.05220480614162559
0 0.08122908444040351 0.37778191390836796 0.09553692444331116 0.20282568954940106
0 0.8802758548512226 0.8740740887680258 0.14537887413882544 0.2518518224639483
0 0.9741715911103206 0.7604898073252593 0.05165681777935893 0.32154055662181447
0 0.6657200854582092 0.920319802543228 0.07802605535835028 0.15936039491354415
0 0.644037688890886 0.5188859618444004 0.09713891555244714 0.07748888103425822
0 0.7260669155563746 0.7068183467212825 0.14876672000520752 0.2736144041784073
0 0.7396110222209245 0.2694868329891986 0.16158264888864426 0.28424727695197327
0 0.8813508266686565 0.36926105011042154 0.1620923733338714 0.4683561973040069
0 0.9735124803613872 0.011281926294045341 0.05297503927722569 0.022563852588090683
0 0.4736804977783726 0.2273923092694437 0.39387136000312034 0.1512635393874565
0 0.628600319997511 0.4205683026373574 0.09087658666281229 0.1321098028159845
0 0.5646557570279886 0.08330871515017929 0.18934733038768164 0.16661743030035858
0 0.7437892241817381 0.04576593491222136 0.10283634275611908 0.09153186982444272
0 0.9144465066699519 0.07882340202325439 0.16871879111147592 0.0883402374949166
0 0.9526903466683709 0.24610907846660907 0.09461930666325824 0.27186653468142385
0 0.8693358933346139 0.6600264237283086 0.12976127999524278 0.12249652058245375
0 0.0933896533317036 0.5079617774880711 0.08082773333622349 0.058699283941381686
0 0.062005191115248534 0.05515433591782071 0.04689464888845881 0.10130360293115426
0 0.012616106666003664 0.04144977887609047 0.025232213332007328 0.08289955775218094