0 0.9523561244468308 0.6574440243428759 0.09528775110633836 0.13262885713944883
0 0.890715875554209 0.3255364696427371 0.2185682488915821 0.15818181193528646
0 0.0070575087486455836 0.9786948923605756 0.014115017497291167 0.042610215278848784
0 0.05622741333208978 0.35037072280571313 0.11245482666417957 0.1176895985669264
0 0.19142570666865344 0.12198298697282511 0.1082800355532931 0.08622802271246399
0 0.336806400001256 0.263050284264976 0.08971150222544866 0.10414364229624162
0 0.04721009777341452 0.05909797271737599 0.08490552888769243 0.11819594543475198
0 0.4311418311101281 0.16061809343307226 0.13449443554919627 0.1461652378241195
0 0.060341617775460085 0.30862842840235555 0.12068323555092017 0.39047822522404363
0 0.14948266666486032 0.04573408575138993 0.12910592000310617 0.09146817150277986
0 0.43332353707713384 0.007317462456805535 0.06342993917771511 0.01463492491361107
0 0.9144180622210519 0.7772620640267511 0.17116387555789614 0.09385163473172975
0 0.150247253332701 0.23847092812862664 0.06655544889056021 0.07523103670772302
0 0.30199950222546856 0.08644305869269886 0.0717983288897408 0.08302360294949152
0 0.07954119111204314 0.8892230370364018 0.13063509332843953 0.07399296543567457
0 0.4808763733340634 0.09256058733109346 0.09648355556031069 0.160366643591752
0 0.8508972483273182 0.04245683826657032 0.07165801889366574 0.08491367653314064
0 0.009696853331600626 0.7555839713166761 0.01939370666320125 0.050950062778672756
0 0.3270617677312758 0.02323031968877587 0.13774533565673563 0.04646063937755174
0 0.06281742222296695 0.8198910458013703 0.1256348444459339 0.10909592738443497
0 0.049236906666515604 0.7057335917459306 0.09847381333303121 0.16233299208275698
0 0.15155797333767018 0.31974666575285676 0.07806065777937572 0.09358362262282605
0 0.007985635557108454 0.9178617439321584 0.01597127111421691 0.07227992449994936
0 0.38155292444345024 0.06375722332538608 0.10944512000100481 0.08775740487206252
0 0.2300191288917429 0.2668373258030491 0.09997880889309779 0.1281767905184139
0 0.471774151114126 0.2591540011441322 0.0656088177735607 0.05396534191719782
0 0.09913892823064493 0.9806248269905762 0.13313040757137867 0.03875034601884764
0 0.7472129887746026 0.04344001251203239 0.15101288467024765 0.08688002502406478
0 0.9467855644464078 0.9683043963300859 0.10642887110718424 0.06339120733982817
0 0.8291120355534884 0.8919810740921867 0.3417759288930231 0.10911476013615917
0 0.3736521955579519 0.5433641858022501 0.13209144889066615 0.13749873891978104
0 0.30334663111199106 0.5865510248803292 0.057307591113365364 0.09569562655752539
0 0.25612430222229 0.590338066418362 0.07077888000963464 0.11288296892242722
0 0.16659484444600012 0.5902288248355507 0.12764956444087955 0.1556328416692616
0 0.2120331377774063 0.7236492113297084 0.11250346666201946 0.10086639481142201
0 0.3088443733337853 0.7817293195334125 0.06393400888062184 0.07836262874876743
0 0.24633031111314066 0.8051434321196012 0.08352199110926856 0.10101205025511628
0 0.2967930311078413 0.692770257250306 0.08701724444205561 0.1001381175925462
0 0.3860312177747902 0.7682561909845749 0.07340031999887692 0.07588648620467076
0 0.505343146668747 0.7685475018721253 0.15430087110855512 0.11040682637833044
0 0.5705514666676107 0.8441062633283222 0.07325468445196748 0.0983902522672444
0 0.5223460977741827 0.851789587987239 0.05490460444448719 0.08739326626250343
0 0.46310883555561305 0.8652263026751126 0.09327957334203851 0.09576845427937253
0 0.39822819555281763 0.8808478490195327 0.0629873777739704 0.08841285436901036
0 0.3144513422261096 0.9054636190168056 0.08592497777814662 0.10137618886459454
0 0.24633031111314063 0.8772428767861988 0.09808554666944677 0.058189349786515354
0 0.7287116800020966 0.3384269764164741 0.08053646222170863 0.08899547614411096
0 0.5644711822219607 0.3985462608329497 0.05861831111833449 0.09547714339182212
0 0.6402744888897158 0.3717092453181664 0.0998331733358403 0.13822701613865673
0 0.6487941688909713 0.5708202369530576 0.08133745778145063 0.08389753561206148
0 0.6385632711100495 0.48462862810159807 0.08272099555987455 0.09853590771110043
0 0.7212114488861213 0.5156168237638519 0.09670200889102287 0.17434956619384312
0 0.6730788977816701 0.6545357032604204 0.10107107555700678 0.08950527019720278
0 0.8735462400027447 0.6855603127835977 0.07325468444161953 0.11382972930700608
0 0.7896601600003326 0.7265623202051306 0.09786709332838661 0.060665492330612136
0 0.7527051377782805 0.797095968851206 0.14993180445291932 0.08462581283093729
0 0.30040498563191953 0.9880168407619427 0.07487162459227775 0.023966318476114523
0 0.36122506257250075 0.9846667655551951 0.04403135181508128 0.030666468889609777
0 0.5818211471248005 0.9596140292265968 0.07278362758871582 0.08077194154680645
0 0.4962187044425971 0.9589585797296086 0.0978954711101121 0.08208284054078274
0 0.4169784491519547 0.9675522509121 0.07121513830497861 0.06489549817580009
0 0.0878060088906851 0.9441715531989403 0.12925155556036366 0.07217227238852575
0 0.5654542222205136 0.10046239515567312 0.11723662221597309 0.1594198832073348
0 0.6231259022218485 0.07683152299649532 0.12131441777778995 0.15366304599299063
0 0.013556195557531384 0.03093495623380138 0.027112391115062768 0.06186991246760276