0 0.46655744000131055 0.13053171911659706 0.24109966221989854 0.20836052643908143
0 0.048594631109800605 0.7097800122634597 0.09718926221960121 0.1571862479465449
0 0.15861105777633688 0.19884425801906358 0.09575537777402335 0.1741314291212932
0 0.23834652444347737 0.37723611733837087 0.2083316622301936 0.3300558915840336
0 0.3691228882306152 0.9840807136022516 0.16990162982708878 0.031838572795496733
0 0.8875023217664825 0.040085624669678466 0.1633596586891346 0.08017124933935693
0 0.9676609422235439 0.10974547910484717 0.06467811555291214 0.21949095820969433
0 0.9191436525485996 0.9346670060912772 0.16171269490280082 0.13066598781744565
0 0.9892514133308496 0.7065126853038767 0.0214971733383007 0.08729135005606792
0 0.929722879997765 0.4671381394931634 0.14055424000446992 0.09548529156592278
0 0.7380585244442854 0.32614736889481283 0.17942300445089743 0.3088629823936947
0 0.7805843828090777 0.9668933370766812 0.11286700327570243 0.06621332584663753
0 0.6141183205983705 0.014268145948025168 0.086008182581928 0.028536291896050336
0 0.990564492236202 0.9710081115415045 0.01887101552759607 0.05798377691699108
0 0.6751075555570424 0.6260161097592052 0.3002276977731122 0.34768023530941894
0 0.9110735644482904 0.6766314770696504 0.08403171555449573 0.11317450474876234
0 0.971156195556331 0.8265297240605521 0.05768760888733793 0.14525576098502246
0 0.008508444442931149 0.6040506501397421 0.017016888885862298 0.034039467085880126
0 0.7264440888901138 0.8214132759375135 0.2869748622282512 0.26232597561465365
0 0.798970595555794 0.16967669743224312 0.04026823111085431 0.04704680184537069
0 0.8645794133345286 0.17492030382986107 0.08934741332713103 0.04559024451265403
0 0.75076522666754 0.15449208723909735 0.06881279999183287 0.05920905557327094
0 0.8282797511097872 0.46073326643394275 0.06116693333412215 0.1270846272758417
0 0.8201241599965012 0.3379818972227913 0.10019726222380998 0.11637893088065787
0 0.7825137777771387 0.4385935949772978 0.10682367999106646 0.1340761024727195
0 0.9607796622233258 0.6364304946878456 0.07844067555334833 0.08855868582666082
0 0.8535839288909401 0.6889758004640798 0.044928568891353104 0.09474905449050419
0 0.926875022219287 0.8117635836085694 0.0951000177818867 0.14660249553367777
0 0.616307199999897 0.8419143203949129 0.14883953776831427 0.1157234800810567
0 0.00719772444313599 0.2718379337141739 0.01439544888627198 0.059540673696039215
0 0.027659519999805423 0.5198544437338001 0.055319039999610846 0.0863311227743846
0 0.15558912000204955 0.6538727687465807 0.06990506666608984 0.07144413716768594
0 0.08207957333781653 0.5834482217117964 0.10944512000100479 0.1426697907355048