0 0.2773077333346009 0.9504658202396674 0.028107662229902186 0.030587679615815988
0 0.26500152888604334 0.8690443302149021 0.025777493334478818 0.028985467826292854
0 0.2696982755584435 0.915581299916004 0.03400590222121941 0.031315957701845254
0 0.7904182044427014 0.22899713425544804 0.12255231999895644 0.12985198274967258
0 0.8803481599988623 0.8195578342651151 0.15153379555170732 0.15534171576279865
0 0.8178340977782177 0.6228135093081493 0.13063509333878753 0.14987963011717498
0 0.48676807111543086 0.18814073362584333 0.10493041777776346 0.10931454072193347
0 0.9836644977796822 0.9588466531828415 0.03267100444063542 0.0823066936343172
0 0.9072179199972501 0.10384254516100372 0.03750115555400646 0.038744394180006636
0 0.40510293333273795 0.9266147129202285 0.03728270222329433 0.03881722198857718
0 0.43372031999751925 0.6607203836891091 0.09699327999518981 0.07217235833144997
0 0.9695863466658112 0.19673441504170003 0.05505023999139669 0.09722512449290999
0 0.9274976711099346 0.9653647420533045 0.09204167111052408 0.06927051589339095
0 0.9473041066692935 0.4026914577876959 0.08155591111216276 0.09533160146902375
0 0.7878331733350125 0.13723409540820214 0.12379022222012281 0.04915877081101738
0 0.604113920001934 0.0996913600703378 0.07310904889470993 0.09278262816775962
0 0.6348430222210785 0.3941706041804502 0.046749013331201406 0.1023230710955999
0 0.4409292799989797 0.9777398345637027 0.048496640007942904 0.04274992365349106
0 0.9005550933329182 0.0511516256324534 0.047477191117488715 0.04653696970110188
0 0.7903453866692467 0.50537866792627 0.08628906666611624 0.0580437634612373
0 0.9581903644475258 0.0579974396416863 0.04856945778139754 0.04012812254357534
0 0.3614486755596267 0.10963235594543758 0.06167665777934922 0.04464344667729636
0 0.8284545754806862 0.9902354386932573 0.08240788874940741 0.019529122613485494
0 0.9059800177760836 0.9142703993610461 0.08512398222875261 0.07049731873343712
0 0.5359564800022377 0.4161646023803286 0.1446161066699359 0.09940995875115943
0 0.7887433955549366 0.8893632888168082 0.07522076444907322 0.06685592830296738
0 0.4522511723347836 0.0125214281230972 0.1510994331083364 0.0250428562461944
0 0.6106454614239434 0.02624947004584821 0.13300937937779567 0.05249894009169642
0 0.4093627733333657 0.5050509427875407 0.09444465776905414 0.07632354342215619
0 0.6366634666712747 0.4781774814108458 0.05126371555444276 0.05258167781569445
0 0.9613943466657979 0.11178077629940175 0.05424924444200263 0.056077412628861234
0 0.533137279909311 0.9911093723965894 0.048101119810922244 0.017781255206821167
0 0.9692465777767616 0.8662768734877646 0.061506844446476916 0.1053090112485301
0 0.4608085333317932 0.07889902071243998 0.058836764438698674 0.1015947930094897
0 0.8978608355598732 0.209042314696597 0.07966264888851182 0.12096699009937184
0 0.3931972266692254 0.798692667098687 0.051190897780987954 0.05374692275338977
0 0.5255071288906038 0.057742542311567946 0.06619136000259057 0.06350584910694179
0 0.4100181333358503 0.5747835695305419 0.08323071999475362 0.045517380380547645
0 0.6871261866659754 0.41361562907902405 0.04412757334195905 0.13713476361053112
0 0.6616399644408375 0.23620708730769552 0.0744197688893311 0.10203175986107504
0 0.658108302221323 0.5681562389471421 0.08599779555160147 0.11761691090342707
0 0.7987558399999721 0.08672801013790132 0.0997603555623856 0.048794631768002805
0 0.3062856873445627 0.013650259156507194 0.13471993198618293 0.027300518313014388
0 0.3977119288872928 0.4006158652423427 0.12298922666038076 0.1208941622908013
0 0.7000149333332149 0.9395780628526246 0.0988865422291888 0.10130348177504578
0 0.540871680000176 0.7197837364709005 0.10609550221512715 0.0672200673460629
0 0.601929386663768 0.20135898088835774 0.08956586666819122 0.1108439247027243
0 0.514074737775243 0.9270152658676092 0.10347406222588484 0.06831248447518767
0 0.9825358222238719 0.7714710124475255 0.03492835555225615 0.06434789127309737
0 0.5382138311138583 0.6416394978335498 0.09582819555782612 0.08222259591944603
0 0.5356652088877227 0.5111684787106634 0.13558670222345331 0.07195387490557648
0 0.6130340977778865 0.8979205563283392 0.07492949333455834 0.10101217054060163
0 0.8145208888894153 0.9514489956558959 0.0861434311088588 0.0775616161685031
0 0.40444757333542736 0.8747977270950102 0.06087566221960716 0.047192419978560496
0 0.5355559822223667 0.7868945621040266 0.08730851555657054 0.058699213738776845
0 0.7746167466717048 0.41059327502176823 0.08279381333332925 0.12205940722857744
0 0.8515851377768235 0.39894082564437033 0.06444373332584896 0.10967867976502899
0 0.9038318933298191 0.7169070380308666 0.08301226666404138 0.06947772941296382
0 0.8168874666663921 0.7182543524901501 0.07427413334242172 0.0545480286480704
0 0.8723382044428338 0.5451790653310352 0.060074666670213106 0.05330995590172383
0 0.36330552889137635 0.24611166927855044 0.07616739555572466 0.054984995499736566
0 0.7895443911095046 0.030801208083935327 0.11323164443795875 0.061602416167870655
0 0.6802084977790299 0.6743391838989639 0.08810951110596454 0.08309652962277814
0 0.6719800888922893 0.1613765139620852 0.04369066667018662 0.03976398350047994
0 0.6671741155597071 0.11101608430900639 0.045292657779322676 0.05571327358584666
0 0.4115108977796303 0.09226292359221688 0.034515626666446475 0.0763235434221563
0 0.5446582044423041 0.11123456773479895 0.042744035553187176 0.03983681130905048
0 0.5077759999988807 0.10533551523750923 0.02927274666726587 0.05178057192093288