0 0.6467188622233354 0.24498283824509998 0.10398378667111197 0.10589163371733734
0 0.9679391288871153 0.2545081121926939 0.0641217422257695 0.08465625156389989
0 0.7970875733325051 0.19553275619963856 0.17680156444095907 0.1280312875344377
0 0.4392246044447853 0.35793876939750324 0.19595263999783336 0.11783539432921963
0 0.9606937599989276 0.17316012246207274 0.07861248000214494 0.09295727677416543
0 0.1820322133342011 0.2852930303101019 0.11512490667195784 0.10363397165051724
0 0.9916049066672308 0.4563338629089879 0.01679018666553833 0.14550051343899817
0 0.6860404622223641 0.5700133480666623 0.04529265777932279 0.05097946602625214
0 0.8566525155574911 0.6393818357666894 0.027525120000872372 0.03168009674485994
0 0.020543627301231028 0.9611204698540214 0.041087254602462056 0.077759060291957
0 0.6940504177783926 0.5086923332179698 0.054467697772714874 0.059427491824806
0 0.41217279999723866 0.4643766116794433 0.10238179555162785 0.08207694030230483
0 0.9697385244433665 0.5124065514570506 0.034078719994674156 0.05447520083949986
0 0.6159533511122895 0.1333378076476141 0.07318186666816473 0.11142654717161238
0 0.9189845333341509 0.48757226872138315 0.06087566221960716 0.07268215299168657
0 0.6178830222226679 0.492779457036929 0.0862162488823136 0.05061532698315674
0 0.32526693746137125 0.8707614186703505 0.12852768826608857 0.258477162659299
0 0.10437205333469643 0.9416900693023035 0.07733248000343641 0.09707946887568797
0 0.4884858311102208 0.5336358576665337 0.17680156445130701 0.14587410064360995
0 0.4255348622229778 0.7379178608145166 0.10828003555329313 0.10931454072201441
0 0.7451684977755778 0.7228060905281968 0.08301226666404138 0.14769479585892553
0 0.9345675377796093 0.6799833390661757 0.06233201778183384 0.07384739792946271
0 0.36633400889113543 0.027232645462076654 0.11993087999936608 0.05446529092415331
0 0.6103827911118667 0.3320120695327514 0.08781824000179772 0.0703516631162151
0 0.7931918222250209 0.49969809885477284 0.1024546133354306 0.05920900839901344
0 0.048375182221126224 0.17182730449746209 0.05738040888682007 0.0578981078440961
0 0.5483784533364491 0.2551059036417475 0.09284266667026608 0.10035672026306208
0 0.7932282311117483 0.5637137426219918 0.10514887111882376 0.06139384265734382
0 0.8238116977788094 0.32079658700697916 0.14563555555004215 0.10254155452139246
0 0.6668529777787626 0.4359373524176723 0.11993087999936602 0.05738831318377868
0 0.42418773333128124 0.8786211870469873 0.054467697783062874 0.06678310049439684
0 0.009405582222259706 0.871820703993708 0.018811164444519413 0.07396279141268025
0 0.5684338123899781 0.03892150874380029 0.09554880187950199 0.07784301748760059
0 0.04604501333605084 0.3852491976258641 0.08563370666363172 0.11477662636763808
0 0.9771505777775827 0.5583348721609078 0.04569884444483452 0.02976579896911602
0 0.8616041244473309 0.8233448803127663 0.11039175110765631 0.20122323518644192
0 0.5405141333376782 0.1481946806038561 0.09706609777899255 0.11259179210938863
0 0.1617524622215165 0.7812139930325295 0.14548991999278466 0.25009069476301515
0 0.19983615999937887 0.37268640064080844 0.13005255112010575 0.11834518898953716
0 0.4832429511110402 0.4322959619872026 0.08374044445032874 0.07326477546057475
0 0.03310776888910267 0.7613447359870507 0.06621553777820534 0.07343590048723792
0 0.12850358825590874 0.020314003644232748 0.11950909015205172 0.040628007288465495
0 0.15803875555801722 0.15110779294821564 0.111556835555368 0.056077412628861234
0 0.11500344889031516 0.39427984589334647 0.0738372266706493 0.08535419168967906
0 0.5452472888916318 0.6741935282817418 0.1141054577815036 0.1230061687404802
0 0.030996053334739475 0.04077861786332043 0.06199210666947895 0.08155723572664086
0 0.4018690844480362 0.1794013965927646 0.2049820444443159 0.1231518243576214
0 0.487608638447192 0.04361890239906896 0.07064000310169327 0.08723780479813792
0 0.7890048000030219 0.43007471382466783 0.08024519110719364 0.06955055722153436
0 0.9792258844452186 0.3361730223447036 0.04154823110956285 0.08256719952004987
0 0.39047310222457676 0.08782042726706646 0.14490737777410284 0.09147172761276134
0 0.08416512000064055 0.8655485954016949 0.07201678223080105 0.07268215299168657
0 0.14798990222108033 0.08909491391769853 0.12524657777200143 0.06532654432217666
0 0.30862591999789907 0.6593366553254999 0.1588883911052512 0.13189116139078094
0 0.9854882133348535 0.7956338991371055 0.02902357333029315 0.2803870631443871
0 0.8966294755538304 0.4104112055002609 0.12437276444915268 0.07697899369961503
0 0.7746596977787299 0.0810838549707299 0.18117063110694287 0.14951549107407947
0 0.7231411199964997 0.9587317765167545 0.06051157333163748 0.04464344667729636
0 0.7267820088865442 0.8699182639181938 0.08934741333747909 0.10953302414780697
0 0.6559667200005302 0.8865958320896705 0.04674901334154935 0.09569574051211915
0 0.4167239111072073 0.2752792066263911 0.18211726222394237 0.10647425618622541
0 0.619885511111675 0.38295512165467793 0.09036686222793333 0.04828483710776599
0 0.6968903111086951 0.35080164415382625 0.057234773329562616 0.10691122303789136
0 0.6379807288861937 0.6479755171825057 0.07776938666486077 0.07814423863739106
0 0.25597866666503255 0.559453315818389 0.09990599110929504 0.08477156922071016
0 0.06421304888919824 0.627583730772029 0.10594986665786968 0.06285039882956389
0 0.534215395556142 0.8558260829523877 0.14082958222263386 0.18097710439314674
0 0.09592519111206962 0.3139507729977463 0.09364366221966014 0.09671532983259246
0 0.908535182222517 0.957202392536004 0.061239751107576734 0.042167301184522055
0 0.8081194666679948 0.9600062631674269 0.08687160889514622 0.0444249632515038