0 0.3673329777808653 0.522819022739228 0.08337635555201106 0.10254163622033563
0 0.8485856711088369 0.4925226302195722 0.10405660444456666 0.13181843860713016
0 0.7618232888893948 0.23052438000471914 0.09058531555864546 0.13101733207401478
0 0.353805551936643 0.016052428680542352 0.08953795041888951 0.032104857361084704
0 0.853573688890578 0.2397735190671864 0.06160383999554642 0.12504544701011933
0 0.746715756976563 0.9436248336872011 0.11512059272370412 0.11275033262559775
0 0.8918712999930398 0.985355201268318 0.08622532889453893 0.029289597463364014
0 0.5394013866678709 0.9600111036797774 0.11192092444333768 0.07997779264044524
0 0.9509259377761434 0.8990174302039433 0.09814812444771326 0.17793060292251062
0 0.35579136000014844 0.8713731924482767 0.11971242666865389 0.13458589753912986
0 0.15264528932877713 0.9599746897464797 0.1089664542219705 0.08005062050704059
0 0.37649000893450446 0.9637981527447597 0.10445749341613719 0.07240369451048079
0 0.09501868449151515 0.04146935413571878 0.057987377689116534 0.08293870827143757
0 0.6680703999992046 0.3455559953526749 0.06182229332625866 0.13808163513756888
0 0.5743539199957417 0.20507104061624504 0.07565767111049759 0.13138147140723433
0 0.4966209422227823 0.20918581508102785 0.08607061332505611 0.12650200434283598
0 0.8264490666695767 0.38393628106870537 0.06866716444492338 0.045444588779463224
0 0.940627342219361 0.23026948247151402 0.10478478222050602 0.10458081648605799
0 0.9360347022198968 0.051119715287264667 0.12793059556020636 0.10223943057452933
0 0.8083902577766113 0.045839026133747185 0.09997880889309785 0.09167805226749437
0 0.21750712469737565 0.016962777013469987 0.1259786286391318 0.033925554026939975
0 0.02607061333126492 0.7047244725277053 0.05214122666252984 0.10862205489245058
0 0.2194036622221271 0.5849047790444726 0.07252650666568014 0.0982447920889431
0 0.3686072888887591 0.08596106473676374 0.07922574221673939 0.07989216969719937
0 0.3751972977796363 0.3694435356085394 0.08745415111382798 0.11302884901557153
0 0.15976590222368636 0.589602176442342 0.07951701333125431 0.107639586884682
0 0.7251959466685851 0.5232924038723406 0.06378837333371246 0.08673798916072473
0 0.41619370666642985 0.17816114389505439 0.04551111112038292 0.06124823583891248
0 0.7503180800005793 0.3229065288296195 0.07908010666983001 0.04529893304619159
0 0.5573145600035787 0.4861866058224573 0.1024546133354306 0.1408490940696494
0 0.3754885688889772 0.2166506714110183 0.12459121777986487 0.15978433939439884
0 0.16060145777753657 0.33505736050793355 0.32120291555507313 0.37256452159913356
0 0.7984142222234772 0.5873445125766718 0.06458936888310651 0.05389262130897676
0 0.21223111111256812 0.9427873132209093 0.10726058667318689 0.11442537355818139
0 0.27070378666847117 0.900176613701918 0.11803761777571509 0.12912380754164487
0 0.5066697955545452 0.8494884185248369 0.10412942222836946 0.10858634915090737
0 0.9193281422213961 0.5164829983420725 0.045147022222065236 0.179156551919044
0 0.30281642667121356 0.6270721138254045 0.07041479111131693 0.08906848089299035
0 0.471790080000129 0.5477989809945893 0.04995299554947352 0.08273245649595617
0 0.4786349511084457 0.07907883133985993 0.03932160000420282 0.06350589970466358
0 0.4792663233147727 0.01925685481243794 0.052622411151727055 0.03851370962487588
0 0.662407351947493 0.012447449282169898 0.09382863833258548 0.024894898564339796
0 0.6289672533360621 0.0784962084067733 0.05585123555113869 0.08666516129412938
0 0.5721329777760225 0.06782692594496803 0.04369066667018662 0.06241348170508576
0 0.23444053333045706 0.08053538867253601 0.17498112000111074 0.04981426077753215
0 0.13304177777738208 0.16592606230059903 0.04733155554988318 0.038234629982718316
0 0.0744598755509489 0.16443309103458476 0.056142506665653645 0.04617286744582161
0 0.07828280889015231 0.6527803507471241 0.08723569778311585 0.1231519224776686
0 0.044457102220298514 0.5640395952539344 0.08891420444059703 0.06161237517213203
0 0.542204871111446 0.9091708552311801 0.04296248888389931 0.03131598265251678
0 0.49731271111199427 0.9242098096910139 0.05279288889012396 0.04741094117859024
0 0.5793419377774829 0.8501074553912213 0.05708913778265312 0.09700671835609354
0 0.9567564799967739 0.31908306583133966 0.04602083555526204 0.03852594144926169
0 0.9401904355579367 0.373303412540117 0.05424924444200274 0.062049342371947036
0 0.8884169955530928 0.3986839240620361 0.037209884449839636 0.040565121714984054
0 0.7353540266708781 0.5905853526419055 0.053521066666063266 0.03663241691673025
0 0.6796848355585503 0.5905489387085674 0.046749013331201295 0.03757917918303644
0 0.728764017780001 0.4589853976347233 0.06262328888600066 0.033136679318372164
0 0.7365555200001432 0.3959528790632532 0.06407964444822734 0.08579122689449947