0 0.3961892977770832 0.5332694712469017 0.09590101333128082 0.07828998788703889
0 0.921590613335785 0.37625252809847703 0.15681877332843008 0.149224358307548
0 0.8186052266663562 0.4487162843288771 0.06706517333578732 0.06649186878225843
0 0.5299919644474156 0.8099790609929667 0.19063694222519795 0.0996285613297605
0 0.6984923022230052 0.7857273717218853 0.10747904000389907 0.0604471534384462
0 0.03665152000159853 0.6193520439748577 0.04558392888348963 0.0414390726583963
0 0.6941232355518474 0.5440479998118493 0.10704213333212664 0.08076613634121355
0 0.8038232177754657 0.550930235956318 0.08934741333747898 0.1297793101533129
0 0.2737462044486569 0.8085953309744978 0.19034567111068298 0.09190880438463511
0 0.48823096888760725 0.532759675976965 0.07871601778186033 0.08586408904082288
0 0.12705479111108514 0.825673472518226 0.08701724445240365 0.0943121249430584
0 0.2977032533381134 0.5360733452317152 0.07966264888851182 0.06671035246935109
0 0.9043481600005179 0.6859531546006624 0.15976220444879596 0.05360133124177224
0 0.8286904888900204 0.849378952571495 0.12947000889107585 0.1312358680675333
0 0.009915306667486827 0.6859220814316798 0.019830613334973653 0.12289258419635474
0 0.014612053334712983 0.8537716038652349 0.029224106669425966 0.04306815915722795
0 0.9222459733330954 0.9361234559120335 0.15550805333380902 0.127753088175933
0 0.7851090488903638 0.6978241016012348 0.05803576888930462 0.09700675708432549
0 0.26069973333117863 0.17689452391660404 0.5213994666623573 0.256046160669947
0 0.5300283733341429 0.6826394853459121 0.16405845334132513 0.10348843980240396
0 0.02720952888743745 0.5357456197009954 0.0544190577748749 0.1307260727975157
0 0.19390151111098627 0.532759675976965 0.10551295999644533 0.07450293731022772
0 0.33389368888715076 0.668765771213388 0.18189880888288218 0.08258683373394837
0 0.703553137778201 0.6434944914023524 0.09109504000387258 0.10749397406638861
0 0.5886102755554021 0.540588674765677 0.1007798044424918 0.12730316169921918
0 0.08573070222304927 0.5302835275228713 0.09160476444909971 0.09387515756879217
0 0.8071728355561694 0.9483585423911609 0.23789567999127836 0.10328291521767818
0 0.44405511755289306 0.9332831679793847 0.12099940843052331 0.13343366404123058
0 0.9885101511091408 0.44752790335482184 0.02297969778171849 0.04818550834892532
0 0.6547652266660913 0.9220976064368633 0.03866623999137009 0.05280022438899157