0 0.23517241945697204 0.06368296367085668 0.11135713441504372 0.12736592734171337
0 0.5173506844426609 0.5342184801354217 0.13828095999649825 0.29356889650253537
0 0.01908664889116254 0.01778809174808388 0.03817329778232508 0.03557618349616776
0 0.4894250666670915 0.029563135337548174 0.151897884439677 0.05912627067509635
0 0.09526243555463022 0.22681229999719854 0.04543829332623217 0.03240837483097003
0 0.9453371733323568 0.08618180157337935 0.07908010666983001 0.08265956277111208
0 0.9442107789011465 0.02045965926145482 0.07900272663682706 0.04091931852290964
0 0.7332553955571105 0.06815691894265952 0.04070513777227869 0.06743855077185557
0 0.023834601774190865 0.9707904137946833 0.04428602133153214 0.058419172410633324
0 0.7385346844430185 0.3908569388887503 0.047185920002973836 0.13575103524704324
0 0.281894400001814 0.6743027699946786 0.12058624000185064 0.12118547352524522
0 0.8514022399981817 0.6209564001886292 0.12175132443921433 0.21404092950165632
0 0.7532802844471815 0.9637568953107929 0.04827818666688266 0.07129842462819869
0 0.5418538666692458 0.09080636742003706 0.08315790222129882 0.05986445867655299
0 0.9877054577796823 0.6703361473983382 0.024589084440635345 0.08490750252859502
0 0.21056257943208848 0.9730480758615843 0.11409184331488281 0.05390384827683148
0 0.459387733337159 0.12638275192548498 0.054249244442002686 0.032117063596525997
0 0.17328668444727857 0.744181052354902 0.09662919110722011 0.050760982600378646
0 0.9778022400000029 0.3936608095201731 0.04439551999999414 0.13203681700800285
0 0.41172849777568543 0.5684111362772604 0.11024611556074687 0.3172379343004267
0 0.29511082667029565 0.4877543382429309 0.1272126577794552 0.1987470896937482
0 0.17772856889189118 0.8648567312198701 0.11483363555744291 0.15869179495882424
0 0.041660160002195176 0.531178762641399 0.08332032000439035 0.10498297314055227
0 0.3168105244429575 0.8533135235553685 0.1344944355595443 0.16036683455675638
0 0.8341850644805365 0.0175829608213805 0.053803879933224774 0.035165921642761
0 0.9769320748487694 0.9245144534500556 0.046135850302461145 0.15097109309988888
0 0.716470897782387 0.9668884910809854 0.03538943999964328 0.041730334332936825
0 0.17933056000102726 0.6773979518605454 0.07988110222957201 0.07290063641755995
0 0.18038641777820885 0.5252970735807954 0.11184810665953492 0.19226541472757053
0 0.04369905777792964 0.8300550566203962 0.08739811555585927 0.06724010317722029
0 0.7139586844481527 0.8726128928367609 0.08716287999931305 0.04165750652428535
0 0.9585536000008384 0.3864508564679256 0.06866716444492349 0.12795845972586706
0 0.8365474133338365 0.40374746101253534 0.047331555560231164 0.1354597240125992
0 0.8022138311113748 0.4005430374337317 0.03546225778344603 0.13764455827084865
0 0.7740697599999193 0.400943590381072 0.03757397332746126 0.13465861811791846
0 0.04945166222233739 0.9084103560907351 0.09890332444467478 0.06489476811597805
0 0.29904616567720144 0.9708268276990091 0.0443523846877118 0.05834634460198185