0 0.16886627555617856 0.1486428884333147 0.3377325511123571 0.09654462905483407
0 0.1800092444444696 0.47358815800473136 0.2866107733299335 0.21222031876755987
0 0.006955946666292018 0.6584658364891784 0.013911893332584037 0.10304296473291563
0 0.1335515022226092 0.6763772718030698 0.21801642666881282 0.16408111811379877
0 0.3600512000007762 0.9498519179023545 0.11818325333297253 0.10029616419529108
0 0.72239246222501 0.6931276744511614 0.08963868444164591 0.09183590321405244
0 0.013764408887881371 0.44362623215871755 0.027528817775762743 0.11250555043958221
0 0.02119182222005394 0.3551664493257754 0.04238364444010788 0.05491947903202454
0 0.09269423561377657 0.9842630711685485 0.05518288900040917 0.031473857662903115
0 0.35728412444392843 0.7423228787502195 0.04594801778180729 0.13007051795435776
0 0.9638510933352842 0.9275462557123866 0.07229781332943175 0.07680491271935463
0 0.9373691061977297 0.9847000381941635 0.12526178760454054 0.030599923611672963
0 0.8029157984846582 0.9825152030661691 0.08336235954322746 0.03496959386766174
0 0.496985031110752 0.7159592015388802 0.0936436622196602 0.15949296434488125
0 0.7180598044405795 0.8225063279483156 0.14068394666537642 0.11404839368221065
0 0.8751277511111564 0.6370138255800671 0.24029866666015653 0.16051255407131637
0 0.22726798222089808 0.9477034966931411 0.16180110221935645 0.10459300661371773
0 0.009759431109867163 0.5418791078067536 0.019518862219734326 0.05437269058423033
0 0.9303549155541178 0.44136862729421084 0.13929016889176438 0.11585551476695544
0 0.5556397511106399 0.5264975820214366 0.07434695110552847 0.12621064256154624
0 0.9523458844464686 0.3523697745971081 0.09530823110706277 0.06852389062539233
0 0.7231206400009493 0.1936743641875212 0.07274496000674036 0.06270476817393911
0 0.03373506015891002 0.01120985203506919 0.058828507829457526 0.02241970407013838
0 0.9299595377770149 0.20387026145162962 0.13879068445207343 0.08324221837728019
0 0.6748060444421653 0.12070087091191162 0.11869297777819965 0.08571836485568451
0 0.2762813055008236 0.0417611299084516 0.09581427788361907 0.0835222598169032
0 0.8660403761236618 0.06401003429539082 0.213180758855823 0.12802006859078163
0 0.8620205511132049 0.9426722599889752 0.12277077332966857 0.11069831315257617
0 0.9511495111096236 0.5286460032306498 0.061021297776864714 0.05039686361947937
0 0.9868979199996425 0.8658354257913792 0.026204160000715015 0.04616591798026548
0 0.9575938844432433 0.12426943495431314 0.050317084437443205 0.06853099518197803
0 0.9878081422247407 0.8049060898397811 0.02438371555051866 0.042870965690554375
0 0.8258301155589935 0.8324473277807546 0.07441976888933122 0.08761188863334968
0 0.8894000355568197 0.5262062706710265 0.04456448000338342 0.06955058490833221
0 0.8284151466666825 0.7530649847963264 0.056870684441593045 0.06751140545562373
0 0.9348696177773592 0.74747085289893 0.13026076444528167 0.07243647521668184
0 0.9935607466691484 0.5207103987945537 0.012878506661703204 0.06874421897007599
0 0.2975007288882302 0.8297526977895426 0.07492949333455828 0.11295597611829422
0 0.7467136000024361 0.941725498100183 0.06327864888848533 0.07778013055721333
0 0.777479111113482 0.43094745908965626 0.07747811555034578 0.07756164704444624
0 0.6028256711136136 0.7050350258988276 0.10696931555867195 0.07807144190762338
0 0.47482954973561897 0.9738851043104945 0.054138672807150456 0.05222979137901107
0 0.45456867555880714 0.8621610855216879 0.0332777244452801 0.06314173519955413
0 0.5132598044454224 0.8424611554507961 0.08701724445240366 0.0882673391717318
0 0.5955438933335244 0.8501080783988572 0.07784220443831547 0.14449042979924998
0 0.6603320452798571 0.9650365220420527 0.09600730834321836 0.0699269559158947
0 0.5851309511137919 0.9477337947022079 0.04128768000130856 0.03808895906501952
0 0.6747862416319549 0.008041841099461211 0.07810026341014442 0.016083682198922422
0 0.6796120177799215 0.03691244375263292 0.0782062933366332 0.043405391209881294
0 0.566817280003387 0.06575226744241713 0.06437091555239427 0.09220004240218627
0 0.4943635911111617 0.08472391913732435 0.06786616888518138 0.08732057728285869
0 0.42842709333118467 0.07543836984326746 0.048423822224140156 0.07865406460852431
0 0.4714624000040607 0.19578637147795352 0.039540053334915004 0.024397325596071662
0 0.47186289777875773 0.1559859582293357 0.042379946665217494 0.03553998474905318
0 0.5763564088899229 0.16188501307493658 0.06582727111462094 0.0844802916164823
0 0.7342981688885226 0.29628878736654257 0.09451747555285694 0.08469877512924928
0 0.6401447822236352 0.2384998982305907 0.04980736000256414 0.07574095110450485
0 0.584839679999277 0.24141301173461016 0.047550008890943296 0.06394284141314133
0 0.520796444442951 0.2602390077543528 0.0728177777801951 0.05469370603790602
0 0.4422988800021509 0.2494969017082458 0.04383630222744411 0.06161235060994197
0 0.39354737777676846 0.1657448884677482 0.09764863999767437 0.0844802916164823
0 0.25941703111036785 0.2418135648414037 0.13900913777243762 0.05789813089233542
0 0.3757434311115907 0.24778544752460718 0.07573048888395234 0.05221755955950158
0 0.431048533330775 0.374250987517742 0.06371555556025771 0.10589167587097248
0 0.5231630222199277 0.3421339111359663 0.07857038222460283 0.08957824024849603
0 0.7014209422231135 0.5874908960117774 0.08745415110347998 0.11346577098139066
0 0.648081920001035 0.45756603373262456 0.051118079997185206 0.0694777570707702
0 0.6233238755570103 0.539351695357895 0.04165176888927824 0.08054758838610865
0 0.7127441066627701 0.5229290179789946 0.06029312000092535 0.13378473767196453
0 0.6013329066698336 0.6225574998163537 0.10019726222380998 0.06634616005398353