0 0.5741223822192599 0.8037165768474761 0.1723596800015204 0.14449066070570193
0 0.09316565333348181 0.5991064401273087 0.18633130666696363 0.206175937730824
0 0.9941731555542599 0.550234907361338 0.01165368889148033 0.03250073681313703
0 0.35829048888861303 0.4194398776469294 0.19915662222645347 0.20661290545474487
0 0.1493762844449116 0.2704338837940833 0.15400960000438824 0.16247916534000884
0 0.24174563555667797 0.1663627375499095 0.11898424888236653 0.12358903791208298
0 0.13084415999862054 0.17171559216776094 0.21117155555014808 0.22445575418099717
0 0.3634969599958923 0.3008031406057499 0.18408334222104816 0.19044509967014978
0 0.2603141688896964 0.4111010769156981 0.15204352000728247 0.15439526244767077
0 0.4203676444426593 0.5454322380405381 0.13718869333258932 0.13393060737789197
0 0.24746183110918435 0.2823776682476434 0.25566321778007683 0.27142978450118005
0 0.4549759416013128 0.020385465451583984 0.056983207642204214 0.04077093090316797
0 0.988420551109852 0.8949179527208961 0.023158897780295895 0.04664326426366461
0 0.9219364977752169 0.13952563650654431 0.12306204444418345 0.0920545338367077
0 0.38749041777725024 0.5196147283529483 0.12648448000351592 0.12744891947326464
0 0.6169028266643484 0.9686415222277371 0.09131349333458483 0.06271695554452572
0 0.9460041955579073 0.053989204551396774 0.10799160888418557 0.07625086782200641
0 0.5146302577780766 0.7464373910384574 0.11206656000059512 0.10232327534857033
0 0.5189629155573332 0.4629909941298113 0.10471196444705122 0.10144933990072802
0 0.031197724444791675 0.8893444493986414 0.06239544888958335 0.06135673992495083
0 0.05333432888922592 0.7949408083922833 0.10666865777845184 0.08528153411613293
0 0.11617137777826024 0.8664578592053467 0.07303623111090726 0.07027897559524654
0 0.9394491733310537 0.09262443414034832 0.11556181333338222 0.0750127926042704
0 0.1342665955527789 0.8152233935770747 0.07005070222334729 0.06088416953122622
0 0.9545602844458901 0.02366468857386045 0.09087943110821972 0.0473293771477209
0 0.03520270222280589 0.5031085842409853 0.07040540444561177 0.12939404916205532
0 0.009607253332311909 0.6792104756309838 0.019214506664623817 0.06739389794943795
0 0.4964622222197553 0.6862086730930725 0.12626602666245568 0.11703452205350928
0 0.8878577777805428 0.8899448743654381 0.12626602666245568 0.11375726412422249
0 0.06927672888980144 0.9724285758349724 0.07988110222957201 0.05514284833005523
0 0.23005838222387764 0.7298690315069549 0.16041756444093255 0.1629889610178762
0 0.4655874844433533 0.6429124544491244 0.1258291200010313 0.11637907046766816
0 0.880612408887181 0.8083775659025131 0.07070606222583187 0.05826236318778055
0 0.16856376888851324 0.674082818754606 0.13893632000933093 0.14201451027023015
0 0.05110869333148003 0.7321995260344127 0.09874090666158332 0.0626320404269105
0 0.9540869688873903 0.7362684881719468 0.09182606222521927 0.13733471464393643
0 0.5879941688902262 0.9038914275535355 0.14519864888861778 0.13655241372141858
0 0.3882514772884962 0.9507622595245118 0.21204722001113824 0.09847548095097647
0 0.33011000889043013 0.9204962010620112 0.18779704889489546 0.14776791863506977
0 0.7529264355544001 0.06830625917355543 0.1106830222221713 0.13661251834711086
0 0.786230985665073 0.9861930591380824 0.05864584710862908 0.027613881723835165
0 0.3270637973677367 0.01721744945325715 0.1367032391847008 0.0344348989065143
0 0.672135111110078 0.7532468047360458 0.09036686221758528 0.09686117879975886
0 0.21322350356106956 0.9816777259910191 0.08141849846061733 0.0366445480179618
0 0.03968099555414584 0.8452269188453769 0.07936199110829167 0.06117866489395285
0 0.289659733330417 0.7924646579568517 0.13616924444213507 0.11732583386945672
0 0.2893684622210761 0.8707547084904494 0.21568625778373743 0.17311204662176516
0 0.8571650844429516 0.9454397753017991 0.09036686222793322 0.08768485659765857
0 0.7521618488865593 0.7147936450320815 0.08497834667149518 0.08535436207016023
0 0.540262115555298 0.569756774671458 0.11585308444789716 0.12679346788750445
0 0.8221033244445506 0.6084284182373424 0.0817015466694202 0.14660267137136107
0 0.6944537600036711 0.8414050430345986 0.10966357333171695 0.10858647939127741
0 0.3962285511092179 0.4483161614018859 0.2140114488907986 0.21775558241436888
0 0.5562730702933751 0.015615234465586936 0.06808335660025477 0.03123046893117387
0 0.29668664888789253 0.08603350430472051 0.15342705777535834 0.0895055554472085
0 0.16466801777585513 0.03462333045562871 0.09051249777484272 0.06924666091125742
0 0.9775342933316198 0.6224033710186183 0.04493141333676043 0.09924847251353341
0 0.9532131555541936 0.9506894315705249 0.09357368889161277 0.09862113685895024
0 0.9404322133347806 0.8579369885890876 0.09568256000056863 0.0908164586189717
0 0.6927061333321035 0.9314203941597554 0.09102222222006984 0.07450299692640283
0 0.6072180622205552 0.6739735768236055 0.12073187555910814 0.14106774686844137
0 0.4317272177793913 0.6021288002176619 0.12684856889148555 0.12060309179874351
0 0.14948551111544173 0.9665659255391726 0.08854641777773699 0.06686814892165471
0 0.09581880889212091 0.9249387062550876 0.07631303111298215 0.0788726741655329
0 0.013102506665098998 0.9709876239764288 0.026205013330197997 0.058024752047142525
0 0.021877048888968097 0.9285281164247624 0.04375409777793619 0.04183439269246514