0 0.4451009172273593 0.9806578242971329 0.1979345988999638 0.03868435140573434
0 0.41683967999803523 0.16843803101467453 0.12786801777159174 0.17697185732701726
0 0.41576499058865013 0.03771838550599593 0.11691019660275842 0.07543677101199187
0 0.019384888890716764 0.022460935254955294 0.03876977778143353 0.04492187050991059
0 0.44651292444517215 0.8604489727104021 0.17177713778283865 0.2090161442503652
0 0.2776120888845374 0.8891795890542177 0.1019448888902035 0.16379000293351376
0 0.35061191111389134 0.4432542053452138 0.3562973866653112 0.21069118652128782
0 0.1759220622221215 0.13195772023071412 0.25813902222240964 0.26391544046142823
0 0.0983711288931469 0.923779215008085 0.15546595555626683 0.15244156998382985
0 0.08205994666657514 0.6261251245830561 0.14570837333384487 0.18461878943367394
0 0.4205533866667085 0.29748911380616405 0.22209422222028175 0.08564563959521676
0 0.07869496888791522 0.27820409111531236 0.15738993777583044 0.41194349759134286
0 0.4197159822202391 0.5805348436420243 0.16070883555544752 0.055567706642184245
0 0.20333795555246373 0.6406178816233827 0.08738133333002529 0.08295100637670216
0 0.21524366222115027 0.5334880042045134 0.06531754665904577 0.10873209176508503
0 0.20122623999810052 0.9017424060867034 0.09772145778147709 0.16328020745967742
0 0.3443495822242565 0.8745775901265886 0.09488156444082657 0.16590201275340444
0 0.009677740859074725 0.9574402151147875 0.01935548171814945 0.08511956977042501