0 0.5237230933323088 0.9067359127528638 0.16121856000067453 0.1570894583709289
0 0.5114168888889253 0.37356394950141564 0.11505208888815505 0.14033907569801574
0 0.4381986133340332 0.6510740937398494 0.056433777780168615 0.0550577795680699
0 0.5324248177775492 0.045259448102936695 0.08279381333332925 0.09051889620587339
0 0.5981064533297387 0.5070208027534833 0.06939534222086274 0.1297790518391143
0 0.9628022044431418 0.5251305263577549 0.07439559111371641 0.07175938957522665
0 0.9146453333345965 0.7820912173417337 0.05876394666524398 0.060883999628192464
0 0.6321487644428594 0.4383442337948222 0.1249553066678345 0.10720244910615928
0 0.8141568000014457 0.07686369294000645 0.09939626666406798 0.05848068385344651
0 0.3520551822200004 0.848400884400965 0.09633792000305319 0.0758136885323073
0 0.7371155911125242 0.15183986233862762 0.06022030222747066 0.0702059517244048
0 0.7492761599986504 0.3506232080146929 0.09459029333665969 0.06547214792554523
0 0.9824630044452431 0.11572768953724633 0.03507399110951359 0.07736385444083327
0 0.5399614577750779 0.5069115611273731 0.04645774222703447 0.12475393703724025
0 0.3922870044441273 0.5354600394219174 0.04485575110755036 0.09285538220815392
0 0.6726630933582782 0.964820120182115 0.13258364448944726 0.0703597596357699
0 0.9254951822209276 0.23071231640246287 0.06080284444615247 0.09278255445735983
0 0.5007490844465792 0.648088155959075 0.0631330133312279 0.05840785610265253
0 0.7948964977792154 0.6313013594108456 0.07864319999805758 0.09081620518705424
0 0.5686880711103893 0.7198599043246207 0.05920085332666836 0.09795332476074092
0 0.8049089422190769 0.036556531888149724 0.09779427555493181 0.07311306377629945
0 0.4023358577810642 0.45913655663437575 0.042379946665217494 0.05950027236391542
0 0.4951785244461563 0.5281408504714076 0.04354503111292923 0.11710702320831912
0 0.9302647466667824 0.12383759217467438 0.06539036445319646 0.09999250178167873
0 0.8316330666705551 0.14881751068241578 0.1270670222221978 0.08338777461043434
0 0.9653872355560047 0.9566852567806132 0.0692255288879905 0.08662948643877355
0 0.5326587699043254 0.9911837659541335 0.14515682870729102 0.017632468091733022
0 0.5638820977778071 0.6438641464154902 0.0628417422167129 0.0563686790816339
0 0.3231465244458781 0.9042233553519269 0.17614620443847445 0.11084383664375608
0 0.32915399111289945 0.6188114001569952 0.06320583111503053 0.07879962631308168
0 0.8856638577766716 0.6005316347183383 0.08585215999434392 0.052144669538089494
0 0.46994716444363194 0.7032551771532953 0.09269703111300864 0.044789066712182524
0 0.6572344888881263 0.5316001686321004 0.049297635557336905 0.07872679856236853
0 0.247233991112767 0.10468389372701514 0.05097244445027574 0.08105728658640143
0 0.6770045155555837 0.8828484105064258 0.14621809776872396 0.09416628172163699
0 0.9718036707180242 0.02410298650965581 0.0563926585639517 0.04820597301931162
0 0.6301098666619509 0.6856308614714609 0.06815743999969637 0.1451457072476694
0 0.9878515200016813 0.8367993185225772 0.02429695999663739 0.10396910734016274
0 0.7509509688915892 0.4298598008322959 0.09357084444620545 0.08732047315096447
0 0.8906154666665114 0.851022683428012 0.08512398222875261 0.07057009047821317
0 0.8790429194406089 0.9809150530981654 0.08438484555938175 0.03816989380366931
0 0.8521676800006794 0.3865272891351844 0.07886165332876971 0.13145409010640563
0 0.5080429015732888 0.008590675599593478 0.049766670384754796 0.017181351199186956
0 0.6306559999990794 0.02912810131148935 0.059929031112955666 0.0582562026229787
0 0.2988982044419067 0.11830268311756598 0.07434695111587641 0.13334761162591713
0 0.3144083911087364 0.4323359443578359 0.09633792000305325 0.09897291327120972
0 0.7445794133365982 0.5185275873722215 0.0882551466632221 0.0935108319648954
0 0.5227036444470287 0.7878081957757461 0.1355867022234532 0.08426170761947704
0 0.9643677866655506 0.4037198014807523 0.07126442666889887 0.06562812976356158
0 0.4746075022241308 0.15082027382811825 0.12473685333712237 0.14652943451194655
0 0.8064745244414856 0.7204425263306087 0.09291548444372077 0.08863137266452847
0 0.9709213866645263 0.6193091018884108 0.05815722667094736 0.1124218621125348
0 0.9514790399983111 0.7132325790062494 0.09704192000337775 0.07275492300073894
0 0.8711731200002961 0.522496699788189 0.10128952889806697 0.07115271248416066
0 0.8488908799986045 0.2351912230736245 0.08425016889555592 0.09445759272465115
0 0.9806425600002209 0.22761713699549746 0.03871487999955814 0.0845530186224912
0 0.6288719644459586 0.3335451004635302 0.12262513778275907 0.10341540606705524
0 0.3145176177792665 0.2902490026417348 0.14621809777907202 0.09897291327120983
0 0.7449435022193939 0.23388032356014138 0.06291456000051565 0.09795332476065999
0 0.674237439998736 0.7970209062457676 0.1475288177736931 0.08200404734615718
0 0.26915214222131506 0.7944719349695145 0.05228316444489692 0.10356106156856248
0 0.5271819377783686 0.248992081841039 0.09036686222793328 0.09540435348440701
0 0.4563856702763587 0.04547793135519734 0.09812032167489332 0.09095586271039469
0 0.7002521163887447 0.006405843077027296 0.03406943525705075 0.012811686154054591
0 0.2810214400032742 0.030836554465094312 0.0583998577772743 0.05469364081434247
0 0.3412053333336694 0.7669794590607957 0.07143423999142318 0.045662999721144404
0 0.3416422400002678 0.5395383934639951 0.05410360888474519 0.07887245406387566
0 0.8802753422202335 0.04095961181951491 0.06517191111213627 0.07304623400367216
0 0.7256103822185347 0.6399678617502761 0.07128860444451368 0.08950530567349024
0 0.9785308444458578 0.465766826074324 0.0429383111082845 0.035898192877418356
0 0.9546222933361099 0.8509134418019019 0.03662734222080977 0.07020595172440491
0 0.8083677866651366 0.8459247408753845 0.04733155554988322 0.08367908561344861
0 0.8807486577787333 0.9404915752261458 0.09451747555285694 0.056805645586155196
0 0.383294008889546 0.05931520399796836 0.1106102044383685 0.11863040799593672
0 0.4437327644425548 0.5186004151229345 0.05832704000381961 0.11200908065573212