0 0.6057383822225448 0.1204464825022491 0.14425201777161822 0.14536471280625207
0 0.9721491785616511 0.034472058645376835 0.05570164287669788 0.06894411729075367
0 0.250569671113044 0.13424739085735915 0.12903310221930342 0.1326198106312766
0 0.08487281777585545 0.09990898299758205 0.15240760888490412 0.1667761484600393
0 0.9187455999975402 0.10711895622795464 0.1456355555603902 0.16036728336635675
0 0.3752337066663636 0.10661468516775119 0.26578488888012036 0.21322937033550238
0 0.41850761384703217 0.0335317746962801 0.107001838967618 0.0670635493925602
0 0.06419256888847384 0.033094806621699835 0.10522168888193037 0.06618961324339967
0 0.20196380443974504 0.0449657726474742 0.1305622755549848 0.0899315452949484
0 0.939129457777987 0.07820611515796277 0.1217410844440262 0.15641223031592555
0 0.5242552888890107 0.04791530715079012 0.11352291556282174 0.09583061430158024
0 0.47393776489318246 0.0123388230797426 0.049346151503009916 0.0246776461594852
0 0.48828330667068565 0.09146093355589863 0.11395982222424617 0.11506825963616063
0 0.026798922625473804 0.015543255626583874 0.05359784525094761 0.031086511253167748
0 0.6499556080438196 0.06473857802164601 0.17800579725040333 0.12947715604329202
0 0.6902696188797968 0.01077302081255721 0.04315228893732026 0.02154604162511442