0 0.8123168488602257 0.9876527021525049 0.05377332438818283 0.024694595694990218
0 0.554816284444597 0.8340560377081196 0.058108586673107365 0.059354593336716666
0 0.9700111644446022 0.979193341048332 0.05997767111079555 0.04161331790333589
0 0.47955911111397054 0.9511660134878805 0.1260475733317435 0.09766797302423891
0 0.6189262554308192 0.9813531042094115 0.05292635974991655 0.03729379158117696
0 0.43887534598405986 0.9772747517838285 0.0797782119673987 0.04545049643234289
0 0.7915104711117844 0.5175467583938524 0.13711587554878657 0.12184077871439691
0 0.7873234488897853 0.3052175352367099 0.10296433777030978 0.0691863357911755
0 0.8796928000015517 0.7607549356303973 0.13420316444502944 0.13225514294403717
0 0.6270515200009363 0.3106432005171524 0.06043875555818279 0.06940481895687867
0 0.6092111644438571 0.44865173349014636 0.109663573342065 0.08950527019728349
0 0.6213353244432558 0.07249827354432609 0.12750392888362205 0.14499654708865217
0 0.9607025777765861 0.8403556356512131 0.07063324444202912 0.08681064448748366
0 0.9271943111127863 0.3206462061248136 0.14561137777442734 0.39052385705309633
0 0.051463395553744504 0.6188865333974829 0.04318094222495953 0.03262681940466361
0 0.07684039110835228 0.7959671391620091 0.07369159111339185 0.08761174942828742
0 0.6913132088879744 0.27102491981144317 0.09444465777940225 0.1352410795413066
0 0.45764096000024845 0.7166941638896671 0.12896028443550073 0.1425966794518304
0 0.7004882488917146 0.8972370854316872 0.17920455110983713 0.20552582913662554
0 0.0050696533328543104 0.1887231651170903 0.010139306665708621 0.05322420677076689
0 0.9302115875865435 0.03553820468745278 0.08690510927182105 0.07107640937490556
0 0.6896019911083082 0.5626999459628153 0.16485944889071913 0.1792290235601086
0 0.5090867200038499 0.31639659054610914 0.08053646222170857 0.10101205025511617
0 0.7834276977771273 0.2356670608360561 0.11556181333338211 0.09278251768210322
0 0.8953850311123663 0.9798965497717005 0.07529358222252791 0.04020690045659914
0 0.4978727822243753 0.4103443517783731 0.14243157333176992 0.0992641849298953
0 0.7563030755561259 0.06335839444769809 0.15568440889732704 0.12671678889539617
0 0.5086134044453502 0.4951886477749731 0.12167850666575958 0.13028879445319397
0 0.9545373866644998 0.7300216369946892 0.09092522667100034 0.13851832702620703
0 0.6314934044403748 0.3745859403326246 0.09014840888687314 0.059645904224266966
0 0.9911647288904836 0.829796913495557 0.01767054221903286 0.055066342539807356
0 0.4333198222228222 0.3244440538144639 0.07609457777192197 0.12264188365511985
0 0.6969929955589275 0.1711416992455237 0.12240668444169889 0.07384730999181865
0 0.7932216888862766 0.15562939448391477 0.07660430221714909 0.07676041886732166
0 0.9083465955582344 0.08738981907723736 0.1159259022213519 0.08695629993125886
0 0.9887981511135069 0.6826414544775854 0.022403697772986342 0.08088343814587073
0 0.30494208000082934 0.4607047214621965 0.25289614222322904 0.11244600259118254
0 0.4118749866675999 0.604648713768846 0.11082865777942869 0.14645654871175062
0 0.7771653688874923 0.8147931052694017 0.14949489777079883 0.2224158626382685
0 0.9701203911099583 0.9189339480528484 0.05975921778008342 0.07268766546736882
0 0.5772077511116449 0.6349086322122645 0.15794176000894777 0.20333499950428968
0 0.8885037511069742 0.88197667870877 0.1076974933346112 0.14951531303086707
0 0.3051241244448142 0.8363865248084412 0.051846257773124516 0.05017830037912463
0 0.016866133331010738 0.3120810029639569 0.033732266662021476 0.05931708935490354
0 0.3438267733332597 0.5779573536978379 0.17221404445461103 0.18978904323352408
0 0.3137166222246985 0.22991367080709935 0.15612131555875144 0.3561275600200573
0 0.9854552829793344 0.03200606017600638 0.02908943404133124 0.06401212035201276
0 0.8639317731528233 0.022429214748052984 0.03712902258460715 0.04485842949610597
0 0.7580142933357921 0.44581145233661174 0.1328924444400602 0.1117905530942348
0 0.4222515199954311 0.2095583225401081 0.0871628799993131 0.06139376954948794
0 0.5126911999968191 0.2050794176441637 0.07318186666816473 0.06685584869093475
0 0.48534812444510556 0.12547871762334784 0.08009955554993614 0.08724761081880916
0 0.40721464889227516 0.12110905431017416 0.07718684444617896 0.12133098466122427
0 0.3732637111614976 0.9902380862794531 0.056276757414970124 0.01952382744109371