0 0.9234306844468746 0.6669548647066916 0.1531386311062508 0.29057408289224795
0 0.8776268799996211 0.08607640341002787 0.08832796443667679 0.16342547268628604
0 0.6786515597098817 0.020570840598209517 0.21177778274027836 0.04114168119641903
0 0.7928669866691861 0.2410538570091441 0.2747414755531483 0.1472577120194013
0 0.1851927966396842 0.9613243881460253 0.18661229550424552 0.07735122370794945
0 0.3468216888916989 0.9764320702219939 0.1258291200010313 0.045226033216622996
0 0.3437633422203362 0.9236683648025599 0.11403263999770086 0.06685587518982228
0 0.5499104711123639 0.9500320105745783 0.13777123555127113 0.05374688005458672
0 0.5758205579283338 0.9923490099661499 0.0489596308105521 0.015301980067700116
0 0.11329976888890896 0.4805550316085295 0.2265995377778179 0.15113181531572972
0 0.0098720275124328 0.9588730182085645 0.0197440550248656 0.08225396358287096
0 0.37654510899964305 0.9896179693129927 0.08062302830318613 0.020764061374014542
0 0.5548984888889309 0.9738507612752727 0.1328924444504082 0.052298477449454484
0 0.2379227022226486 0.4131822459102171 0.08570652444743446 0.16524616645500356
0 0.39611932444903586 0.3873648082688301 0.2701539555564523 0.19284788398983255
0 0.3410090809946673 0.1545010742301146 0.23634087800358733 0.3090021484602292
0 0.17635527110865545 0.2858429237212863 0.13092636444295447 0.08316929135813322
0 0.04135580444191065 0.07386561934962393 0.0827116088838213 0.14773123869924787
0 0.09993770666834381 0.37947769385500674 0.19987541333668762 0.10337197140169119
0 0.1670345955580059 0.21694787151040495 0.13063509332843953 0.07996487032505772
0 0.05708444444462657 0.24403742991534444 0.11416888888925314 0.21454582396459665
0 0.7269668977759365 0.11691895585328888 0.20265187555924058 0.18476400365639012
0 0.5599593244441268 0.35579397831807397 0.056797866657790186 0.08630088464049568
0 0.561488497779808 0.8862349009163246 0.11345009777901904 0.0949673869798856
0 0.48029667555561495 0.7590776481042978 0.046894648888458734 0.11404825767683169
0 0.5626899911090733 0.7345711099763939 0.05439487999926007 0.1052360998358538
0 0.7409479111122588 0.34454209082699344 0.1387178666682708 0.08025618132807188
0 0.5323613866646257 0.7379211865110169 0.04907918222662466 0.09707939175169822
0 0.646940160004629 0.7245208803726864 0.055414328889714315 0.13422154463495983
0 0.5099335111108505 0.7701110523431176 0.0404866844519145 0.09256407120505872
0 0.592945777780066 0.740324502285763 0.06073002666234972 0.13276498961988858
0 0.6169028266695225 0.7322042080770044 0.053156977778093584 0.13531396089622272
0 0.18210787555306324 0.845378532744753 0.24102684444644387 0.18906084095072861
0 0.47101240888651874 0.8719606617690322 0.0654631822266512 0.10560023858966194
0 0.7256197688894139 0.881027716737587 0.15757767111063004 0.12344303752375718
0 0.7330471822215865 0.7744807173882096 0.04281685332664187 0.045954310724158565
0 0.922374826664519 0.9349150055589873 0.15525034667096205 0.13016998888202536
0 0.5839527822203107 0.2160375246260462 0.10900821333958044 0.13713465466502117
0 0.7586426311120805 0.5800670367571958 0.09211448889432683 0.0595731001147094
0 0.04663040000014007 0.7493187295036046 0.05803576888930467 0.06204924364024933
0 0.23402695110999047 0.7246301219988369 0.06422528000548483 0.0614666216342209
0 0.629209031107732 0.36908504283021354 0.07092451555654411 0.08404322436717593
0 0.5136836266662511 0.12584035532033644 0.05570560000422925 0.06714718619291737
0 0.5943293155533158 0.09700056602273754 0.0744197688893311 0.06015572212073783
0 0.527222917927429 0.03990660842269195 0.09358047525294955 0.0798132168453839
0 0.47239594666494267 0.1886907042188345 0.04638492444323167 0.11084383664375608
0 0.1495947377756238 0.10581272386367502 0.10711495110558139 0.08127576983862173