0 0.8758260622206662 0.729544130323853 0.22930318222691615 0.17121810997894926
0 0.05239751111302111 0.25106561796228266 0.10479502222604221 0.11645161967520301
0 0.2144775811634544 0.05042916120748825 0.15375317545193767 0.1008583224149765
0 0.5474944931041036 0.027743307843633103 0.11089389380067588 0.055486615687266205
0 0.2707467377754963 0.2610794376654606 0.23054108444808258 0.14798604826765405
0 0.008852480000091924 0.5056224910158273 0.017704960000183848 0.08087018617581043
0 0.9689880177792576 0.8867476819111779 0.062023964441484836 0.11083430225594215
0 0.9747042133317639 0.9682942413953786 0.05059157333647213 0.06341151720924276
0 0.8661105210530675 0.9845191418667165 0.10848722456850934 0.030961716266567074
0 0.4208605866672264 0.9617604607232 0.08891050666570666 0.07647907855360014
0 0.3304489539780964 0.9641273635620939 0.11314210350521736 0.07174527287581212
0 0.7451809854039715 0.9914377809343461 0.10330845970246527 0.017124438131307818
0 0.9454034488906877 0.11717174505868255 0.04907918221627672 0.04311404555832854
0 0.9831146666676633 0.25030741673251605 0.03377066666467321 0.09145871033879971
0 0.5894337422214448 0.9415457969120474 0.15342705777535826 0.10931449726862974
0 0.5018339555555333 0.8810623259049833 0.061531022222091725 0.06175795715107779
0 0.49007388444410427 0.8180298826098918 0.08097336888313289 0.11091670842109935
0 0.32182840888595415 0.6416774141649157 0.1783307377766404 0.1548318595556628
0 0.6708076088844488 0.08068502744937855 0.15670385777743334 0.138664092471239
0 0.3235396266656203 0.4172221972549475 0.23622087110868756 0.177408471250046
0 0.5209122133337789 0.09015263880507596 0.06429809776859147 0.07574089084565983
0 0.5294683022217619 0.5048340161850902 0.07908010666983001 0.049522890168288036
0 0.6340346311115557 0.1970638193449203 0.06306019555777309 0.060155745998527244
0 0.3864177777742346 0.5121532080408372 0.13697024000187713 0.10611007496360947
0 0.42530247111183905 0.11611574225361271 0.061094115560667406 0.06153947381213409
0 0.7932142933313218 0.15791888777807672 0.08126463999764788 0.06998749625261236
0 0.619725937779165 0.46641736241482 0.09866808888812861 0.05615021811735299
0 0.5853923555567033 0.36609709593410894 0.07223523555116518 0.11288305847191638
0 0.36923278221964007 0.06797657989885053 0.13609642666868038 0.051780551337750724
0 0.2578579911134309 0.7634454617552788 0.05548714666316906 0.07617785752362816
0 0.36519139555489855 0.13843745671920132 0.0611669333341221 0.06787549064247267
0 0.36519139555489855 0.7313648248153068 0.05461333332997226 0.08062035208285157
0 0.508970097778365 0.4564763704913439 0.08803669333250985 0.07850834647271177
0 0.26415672888461916 0.5610934759719152 0.1162899911093215 0.08615526333695533
0 0.18289208888697128 0.6809315874012717 0.04128768000130853 0.062340579388288075
0 0.7004808533315857 0.897994784675791 0.0450742044382626 0.04100203994818874
0 0.5596148622222245 0.07919205796634038 0.04208867556105056 0.05629587367659494
0 0.07737912888535195 0.7506277725351981 0.07143424000177118 0.10501765826872922
0 0.36646635876451106 0.02639599391991765 0.13158042024200162 0.0527919878398353
0 0.01893774222375618 0.6597966849537906 0.03787548444751236 0.05226065310276984
0 0.8809233066625893 0.5381891392690759 0.1959526399978333 0.1519187483692882
0 0.3118159644460926 0.7521571559080469 0.06815743999969631 0.0710799129474119
0 0.418930915556848 0.6881051236977365 0.10762467556115657 0.13101717560707626
0 0.4290161777753383 0.21501586703090653 0.11934833778068421 0.11645161967520312
0 0.749013902221082 0.9566939750812118 0.09422620444869001 0.06328734052392648
0 0.5646392888906929 0.615823552385851 0.0790801066698299 0.11594182521761387
0 0.9748134400022941 0.17019638924246822 0.05037311999541194 0.08184638315339121
0 0.4455458133326222 0.8790231480745453 0.048860728895912586 0.06394279054083851
0 0.7380912355509484 0.8776394202610194 0.09116785777732728 0.09948274701462534
0 0.08265841778160797 0.8515670751430109 0.07631303111298218 0.09453045799773185
0 0.5572846933319751 0.16083199896445133 0.07718684444617896 0.07799855201512251
0 0.5757804088863647 0.8567742613886584 0.046603377773943855 0.05207186245639617
0 0.775301120000788 0.09648865563545495 0.09291548444372089 0.06510803501542073
0 0.025018026664232213 0.8690457422612182 0.050036053328464426 0.10793076945502289
0 0.4068067555574493 0.9048770098536102 0.06735644445030226 0.049085923490319816
0 0.08746439111419022 0.47238924034689206 0.13893631999898287 0.13422159791209654
0 0.7198139733376188 0.16975340197270855 0.07791502222211821 0.0758865464049826
0 0.4916758755532403 0.6543858617154439 0.10005162666655248 0.1165972752345259
0 0.4578520177811798 0.5696507400818653 0.09502719999808401 0.0872476800318358
0 0.8405822577782803 0.44209288400860386 0.14803854222926827 0.10989711950583991
0 0.4874160355577867 0.36973848491709743 0.09997880889309779 0.1275942699631124
0 0.15642282666845453 0.742580302882837 0.10951793777445953 0.09387500798081982
0 0.11575409778290324 0.6497248838172768 0.07216241777771049 0.07304626299822892
0 0.6621013559866697 0.014889204733782302 0.11906612359194291 0.029778409467564604
0 0.69105095111558 0.7650112590178977 0.09743018666696213 0.08863140784536172
0 0.9005841066646907 0.04474451818751479 0.057161955556107924 0.0602285737782291
0 0.33216853333223195 0.8749812063034799 0.14279566223008766 0.12169521981066123
0 0.6184516266660971 0.830410605151964 0.059128035553213665 0.08222256323532129
0 0.5573211022238764 0.8033550850085468 0.06240483555528853 0.08957816898091919
0 0.16438162070181633 0.9454834519693447 0.12048391695651743 0.10903309606131051
0 0.16785521777864132 0.8371107608806094 0.0988865422188408 0.09518590801472482
0 0.7209426488882551 0.5787177986494858 0.12036778667113845 0.12213218648862967
0 0.24482360888893406 0.14688547915967975 0.16718961778614252 0.10763945833637734
0 0.7766846577740378 0.33933288690937774 0.22384184888667524 0.14776756492871035
0 0.7275690666658596 0.8148254603048717 0.06837589334075644 0.04274990665998113
0 0.8694909155575765 0.9070254293535605 0.13697024000187719 0.09999254147221459