0 0.26948551111337216 0.09845067045913447 0.1087169422250655 0.05156219142123297
0 0.24647509333574108 0.2868930013946662 0.09866808888812859 0.0743573410185101
0 0.12618012444323135 0.23503949815752628 0.11978524444210861 0.10640164077167202
0 0.029175182219801678 0.3199933064807386 0.058350364439603356 0.10370700647436071
0 0.9380470044445246 0.07445260735741277 0.12390599111095069 0.14890521471482554
0 0.016650524445705944 0.6146823923482241 0.03330104889141189 0.08631958533551898
0 0.12261205333181555 0.6411645835535209 0.09240575999849372 0.09715249061562536
0 0.2547035022224817 0.554317248426691 0.141339306657513 0.06445273927646034
0 0.2599827911135637 0.4754809882382121 0.10063416888523433 0.06743868538988085
0 0.1649191822184043 0.850362881374698 0.07201678222045302 0.07945529779734684
0 0.40802133333248397 0.8135847646123908 0.14898517333591976 0.10844082348330375
0 0.005084194103255868 0.9653279297980448 0.010168388206511735 0.06934414040391046
0 0.5282798933330923 0.9219163461647345 0.09065813334244816 0.09016100703313046
0 0.42935694222235016 0.950616603616538 0.15335424000190356 0.0987667927669239
0 0.10939562666333384 0.3385644347468593 0.14010140444669458 0.12817719901313318
0 0.15295387982494302 0.0537042543996169 0.09245213367458846 0.1074085087992338
0 0.012135822222464614 0.23203367261537133 0.024271644444929227 0.07425144396800554
0 0.638016284443438 0.17907121552023042 0.04755000888059535 0.06379728769061921
0 0.43831352888503006 0.07725773584952766 0.047768462221655594 0.0563688363842032
0 0.8959368533351355 0.19960869854395558 0.0644437333361969 0.12759457538131924
0 0.7609691022222655 0.25870858320256457 0.07587612444120972 0.10407114624425462
0 0.5116377867033912 0.026102459839410064 0.11795831117779021 0.05220491967882013
0 0.7572553955587662 0.09200539653148032 0.03393308444776477 0.0755225882822188
0 0.7485900800002532 0.16221154417274003 0.051118079997185206 0.06285052428883053
0 0.45578979555931354 0.13501030335944064 0.10456632888979378 0.047483825998050344
0 0.8203519999980926 0.09896046613700193 0.09240575999849365 0.19750941120667198
0 0.5299182933341298 0.18253054333450464 0.069322524447408 0.04202172944923899
0 0.2283070577774197 0.8978467073727483 0.05097244445027577 0.07392037329450807
0 0.49296327110690374 0.8564804295093911 0.07405568000136148 0.0887772759074208
0 0.8055955366334981 0.9806945486122169 0.10920493993908176 0.038610902775566225
0 0.9014225678570155 0.9648544686205424 0.09624104682977008 0.07029106275891528
0 0.4615769071556214 0.9865571989080166 0.08403961375976604 0.02688560218396674
0 0.582428422678883 0.9693333877905921 0.05739743201476 0.061333224418815946
0 0.5426978133360131 0.4286890278029762 0.09779427555493186 0.12067591975268999
0 0.21305173333320354 0.6384699492560479 0.08526961778601008 0.10050257649893946
0 0.26431544888764624 0.14830140496165634 0.08614343110885886 0.04697403032018288
0 0.86480725333612 0.644478255459781 0.0656816355573634 0.052800266638969084
0 0.8981213866681275 0.40789664694031724 0.10900821332923238 0.07035180354927384
0 0.035437511109436555 0.7361686495266353 0.07087502221887311 0.15898342354872097
0 0.9634968177777612 0.1910149999737501 0.07300636444447772 0.07486713669629663
0 0.6860031999958058 0.08370300977718176 0.06240483555528853 0.042604353081052815
0 0.30917120000037057 0.6279827238822653 0.10274588443959748 0.07690631940784753
0 0.8177305599985023 0.5682273876377746 0.04769564444820085 0.0822227600488471
0 0.8702685866660128 0.5285361527160745 0.06058439110509228 0.05454813753457244
0 0.9819197155535221 0.22933701246392868 0.036160568892955824 0.031053725785884057
0 0.5802717866686483 0.6237222885741358 0.08774542222834292 0.07843570644153097
0 0.06614186666491959 0.7203285695349203 0.10209052444746097 0.16226068147800787
0 0.6271664355519331 0.6672369910800444 0.17134023111106622 0.12890547855300172
0 0.6091487903406636 0.025192110414594626 0.04384581178633706 0.05038422082918925
0 0.824466204446637 0.34868752035070777 0.047331555560231164 0.06437991132251397
0 0.7760059733305955 0.7993104856314133 0.15677667555088803 0.12329772609621648
0 0.81143182222214 0.9058213683341263 0.12175132443921433 0.09555027562799545
0 0.7392329955525282 0.5945546930032723 0.08599779555160136 0.08622829751792149
0 0.735628515554385 0.38226120713771483 0.11461518222673073 0.13414909123989305
0 0.7616608711063033 0.6358481429126023 0.08366762666652605 0.07180836262901091
0 0.8775503644461019 0.8201392804710455 0.09145912889184227 0.08819465227552603
0 0.6334651733334693 0.08126327331868305 0.030437831104629498 0.04194890149521158
0 0.977332195556826 0.4768400758748829 0.04533560888634791 0.07394391427053859
0 0.8781693155566851 0.7431601331091301 0.10391096888730922 0.10392549033628096
0 0.5883909688900328 0.2721089267357404 0.05810858666275931 0.11805411340924432
0 0.937515804445785 0.33754484339108387 0.08658033778063123 0.07574107214413883
0 0.8112861866648826 0.8559342198545503 0.0720896000042558 0.06175810497906831
0 0.2571064888861858 0.3861939166528834 0.10230897777817316 0.11739866182340308
0 0.7271088355531296 0.5228191583282888 0.06349710221919747 0.05753408364799284
0 0.663903004443273 0.7253172843828779 0.17039359999406667 0.12825002696716048
0 0.9567247644428991 0.7725462125419946 0.08655047111420167 0.14405369298186177
0 0.5155731911098378 0.5582499579418594 0.08942023111093378 0.0788726741655329
0 0.6568396799990701 0.5783504732416231 0.11738225778357847 0.10829516757533009
0 0.6455165155542393 0.6968779683518426 0.16493226666417382 0.11885522090305911
0 0.8701229511139293 0.5818098010558973 0.0502442666639884 0.04573595510244677
0 0.429895562507833 0.024208933035792413 0.04403972945486506 0.048417866071584825
0 0.7907879822214858 0.6819846517619567 0.07944419554745163 0.08804899636755237
0 0.8221360355563876 0.711552801079768 0.044564479993035366 0.04114779400139679
0 0.8151455288908134 0.4650301768413622 0.05898240000630417 0.050906739835391845
0 0.13400803555527496 0.7682129492799186 0.05985621332915293 0.07188119058295728
0 0.1716912355584403 0.4492993387806477 0.06968661333537762 0.11048000619485465
0 0.9681571555530859 0.9267461025513739 0.06368568889382809 0.050205065402131654
0 0.9530110577793999 0.890681039451401 0.09397788444120025 0.07645358059173768
0 0.9734364444441679 0.5431704250199956 0.05312711111166413 0.048130984689910394
0 0.6541818311075784 0.26948712039229467 0.06706517333578732 0.1045081139680949
0 0.6934670222250537 0.1818386777716498 0.052865706663578704 0.040492342415474725
0 0.48407950222285256 0.272764378321622 0.15939811555047823 0.13495019873378877
0 0.6325913600002726 0.39351312602833927 0.1169453511014581 0.12883265059905524
0 0.48167651555397445 0.4502096882054631 0.06007466665986516 0.0754497603281915
0 0.45841123555372987 0.3811323738508985 0.07966264888851182 0.08280538368066104
0 0.9713611377765321 0.9728473071380168 0.057277724446935796 0.05430538572396637
0 0.04443050666919185 0.876415877211014 0.0888610133383837 0.09150591477842551
0 0.04517034666302303 0.2163227139834319 0.05242880000215437 0.11455837161803728
0 0.05995235555908746 0.09003904177387584 0.06932252444740798 0.1431069295800732
0 0.07997724444398449 0.46273609629087753 0.07310904888436198 0.08768485659765846
0 0.6607354311117282 0.7684314331418387 0.12022215110353296 0.09008817907910327
0 0.5223452444446998 0.6495397982617255 0.04864227555485234 0.040929310139395714
0 0.8080457955598831 0.4053476685508988 0.03138446222162905 0.04733817009007668
0 0.6634660977766745 0.5033376806373526 0.05621532443910837 0.0560046966143094
0 0.5778323911130429 0.4920857617466879 0.15816021333965985 0.07865419030353193
0 0.5951630222248949 0.5252224808097739 0.11170247111262543 0.08812182432157956
0 0.7381407288886193 0.47242221417084534 0.09371647999311483 0.046609890550208255
0 0.7723650844457248 0.5209256315246712 0.02992810666975043 0.0560775245683367
0 0.8922595555531896 0.4722765582628716 0.09670200889102287 0.06030154589941228
0 0.781139626669594 0.7363507194115417 0.06437091555239427 0.053164406408862774
0 0.8913857422199929 0.9104459434121497 0.036700160004612514 0.05250895482302165
0 0.8502072888840404 0.929672523264071 0.08541525333291955 0.05454813753457255
0 0.8750745599985951 0.8723569234780792 0.0502442666639884 0.05789822341788664
0 0.8830116977759948 0.3196291667108044 0.057380408886820056 0.06612778221819837
0 0.7071203555601338 0.2766606738597769 0.049152000000079465 0.0787998462115056
0 0.7286380088888109 0.08559653658079941 0.020971519996722532 0.06270486838085698
0 0.6720833717327979 0.025920389954422696 0.0307786545819706 0.05184077990884539
0 0.643892411975604 0.025556250184528895 0.028281890611267735 0.05111250036905779
0 0.6883333688912292 0.14906609847849805 0.05439487999926007 0.025198472078721723
0 0.6785393777769059 0.12059036847048943 0.07543921777978535 0.03248126747724478
0 0.5843859911120186 0.18409634434520167 0.03873905778552089 0.046609890550208255
0 0.47213738666743865 0.18001797892201904 0.023665777769767582 0.03918143924379225
0 0.431432248884812 0.18191150572563664 0.05803576888930467 0.040783654231502986
0 0.5017014044440455 0.08042575184789491 0.03487971555441616 0.053965513902677786
0 0.4734845155539612 0.07947898844610629 0.02519495110544895 0.05367420208673035
0 0.9547008000003795 0.2764057760208835 0.07405567999101348 0.08280538368066093
0 0.9012161422210435 0.2804113134899985 0.04485575111789841 0.03473893405071582
0 0.3037826844439324 0.9108829111360303 0.05162780445276033 0.057606911601939315
0 0.39334855110694966 0.8905639119742657 0.14993180444257126 0.11310181253830032
0 0.35378957564632096 0.9924926771577629 0.03178352463162609 0.015014645684474304
0 0.5324176730588078 0.9758150756952597 0.07665145279218749 0.04836984860948046
0 0.30572922204931574 0.9704258071003947 0.0641133774278892 0.05914838579921056
0 0.24843933578166696 0.9725378177659325 0.06502260044217106 0.05492436446813509
0 0.17868174222401445 0.9405299319896223 0.07886165332876974 0.11894013602075526
0 0.11074275556020438 0.8654746818265444 0.05352106666606332 0.08943272749326203
0 0.12673458356099826 0.9528014422360627 0.0496783760169314 0.09439711552787466
0 0.0896600420638505 0.955568904487482 0.046308173021922514 0.08886219102503601
0 0.03914588894695043 0.9581542968539545 0.07533241789788007 0.08369140629209104
0 0.017160248890933063 0.7763564198566482 0.034320497781866126 0.10191282816383984
0 0.025363911114012202 0.6074816548355537 0.03786524444197615 0.08455325457634544
0 0.060935395557640326 0.6121790578676043 0.03123882666437163 0.07574107214413883
0 0.03705116444163852 0.4516298333081864 0.037938062225778904 0.052654610730914486
0 0.35202446221891376 0.5407348350085279 0.05199189333038201 0.03320954701703249
0 0.157819448887474 0.1683655062844872 0.05009863111707899 0.05447530958054525
0 0.12505144888742104 0.47154827872300314 0.044564480003383436 0.07923681393534576
0 0.10946844444713658 0.1633767914365296 0.05781731555859247 0.05076108392741818
0 0.26923064889075854 0.19942662865896826 0.14345102222222422 0.053674202086811174
0 0.2687573333322588 0.2386080679027605 0.14308693333425454 0.022212525965301322
0 0.23530578285248743 0.021004503060451984 0.037703172076079566 0.04200900612090397
0 0.16604785777938863 0.12048112653948889 0.06961379555157488 0.03371934269498078