0 0.010682737775560882 0.716166532330677 0.021365475551121765 0.05865477063427027
0 0.06183722666464746 0.41096707088675777 0.12367445332929491 0.09091248015278275
0 0.019784960000672275 0.5852079700058666 0.03956992000134455 0.08219890243968297
0 0.05491953777770201 0.27511585552655804 0.10983907555540402 0.12311028019365766
0 0.12079815111226505 0.2600196659913807 0.11075584000597398 0.08921413662626199
0 0.25870883682121837 0.007567982217731084 0.032699660729202995 0.015135964435462168
0 0.04285087164284455 0.02967123974107838 0.0857017432856891 0.05934247948215676
0 0.23690609777760174 0.9218793179587481 0.08068209776861801 0.1528656920641973
0 0.2363235555537459 0.626416663025682 0.08912895999641882 0.08265962862928011
0 0.06258033777897556 0.5226005391392801 0.04937045334113968 0.049814260777451325
0 0.20701439999975266 0.7628232572306672 0.10303715555411247 0.07275503876713085
0 0.02670264888761772 0.11727704738924016 0.05340529777523544 0.10960593928372808
0 0.04270108444616198 0.21235382727962576 0.04383630222744411 0.044861965846376584
0 0.12374727111309766 0.8848827617088388 0.09335239111549325 0.10625585741864163
0 0.14834218850980202 0.9593920668133931 0.1220076125736038 0.08121586637321387
0 0.2033735111148821 0.03418656747233806 0.09619228444579575 0.06837313494467612
0 0.1349248000006709 0.0884736261356392 0.13099918222675722 0.16794106045736912
0 0.0197485511087709 0.3490122888325007 0.0394971022175418 0.06532053599980703
0 0.035164444443459314 0.6660350224744407 0.062550471112546 0.05076102304367658
0 0.18844586666673424 0.6752841615369078 0.0787160177818603 0.044789137979781235
0 0.21589816888897784 0.5350176904003856 0.06211356445112162 0.06008298997282002
0 0.144099839999237 0.208894503614525 0.12357176888941064 0.11718003741369243