0 0.16431047111335728 0.6622554417802609 0.11774634667154815 0.1831617205419569
0 0.27386481777971816 0.9386396453235815 0.1784035555500951 0.12272070935283719
0 0.20439665777505273 0.8169415230650245 0.11519772444541254 0.07683324658916879
0 0.9209217422227893 0.7382875834287068 0.15815651555442145 0.25001756923289153
0 0.5001096533300976 0.25452944080437223 0.09655637333376538 0.18046709483223777
0 0.9472836266685691 0.282386044425622 0.10179925333294604 0.20937970042075627
0 0.2711705599963251 0.4720658460763349 0.1016536177756886 0.11608738868548063
0 0.8070001777778897 0.3056180877070714 0.21153564444846573 0.22685835367328944
0 0.38028799999608764 0.4609960323497468 0.12080469333256288 0.11404821247262842
0 0.14501375999922553 0.4967544437954954 0.14148494222511848 0.11477648969150422
0 0.9897709511116974 0.22181582141770634 0.02045809777660501 0.10877797870606487
0 0.5079011555554138 0.683921689041188 0.05111808000753326 0.056805623070691924
0 0.2954916977789253 0.7582059653644129 0.07325468445196748 0.060155698277439495
0 0.5437903723886444 0.03943448780829656 0.08696432188153258 0.07886897561659312
0 0.42893027555611396 0.07821352611964533 0.12284359110312332 0.1168156659042755
0 0.22082300399326615 0.02719943053154772 0.1742410675726003 0.05439886106309544
0 0.24761400888673962 0.17296239229267263 0.1647866311069164 0.13939225968885793
0 0.5342611911137485 0.7860989828465459 0.07092451555654411 0.0573882448457117
0 0.969600426664369 0.5335005581885136 0.06079914667126207 0.1486323229647626
0 0.28060046222267876 0.3293599250417338 0.14570837333384484 0.10174032747399198
0 0.5696870400001192 0.2092670116525578 0.0675020799972117 0.14063033096090627
0 0.4714370158087048 0.9614711361346693 0.09149426273587674 0.07705772773066133
0 0.2815106844426029 0.6629837189990961 0.12058624000185067 0.08615519499053592
0 0.2801635555560804 0.5817079813749065 0.09939626667441592 0.08921395930973319
0 0.4324619377756284 0.6249312343139496 0.05534151111625962 0.056805623070691924
0 0.3918296177768045 0.5939794525126194 0.1140326399977008 0.1396835705763273
0 0.6866323911119252 0.5786856309166732 0.06852152888766594 0.153229526847093
0 0.7111355733333362 0.7116326372186221 0.08141027556525338 0.11878201439519964
0 0.5707428977773008 0.869559552127282 0.10922666667029268 0.07209944466659768
0 0.45241400888707073 0.7507411238711588 0.08840078222047948 0.1958337441500716
0 0.3881159111081312 0.7871185709529315 0.1141782755549583 0.22562028240116017