0 0.9024708266680439 0.59655746173785 0.19376810667001543 0.1629161330639297
0 0.7315031070572635 0.8926819662216378 0.193930587441557 0.21463606755672449
0 0.2263213511090726 0.22972305751660765 0.20330723556172517 0.1763164765971056
0 0.7006563555552727 0.17888914563528352 0.16835470222350624 0.14485480047567678
0 0.34020835555986395 0.5593787912286354 0.11417827555495835 0.09686117879975875
0 0.5946336711084264 0.06987206018425246 0.1960254577816361 0.13974412036850492
0 0.6618444800014711 0.47613643982405335 0.11825607111677527 0.12875982264510888
0 0.7972491377757656 0.07795596307655 0.15546595555626685 0.1559119261531
0 0.5722422044413785 0.37887470727738704 0.11264910221927704 0.11892804885708652
0 0.42788095999923015 0.4038911094711619 0.08577934222088918 0.10851365143725022
0 0.19741269333495035 0.12441383605465745 0.18830677332977458 0.15534202584945944
0 0.40381468444441754 0.927706168506507 0.07318186666816473 0.045808783056393354
0 0.6069398755569839 0.943661534010976 0.1449073777741029 0.11267693197804807
0 0.5024666205928143 0.9772352207979427 0.08276150784351755 0.045529558404114656
0 0.49185137777692745 0.8956254547762101 0.09473592889391719 0.11608775865172072
0 0.6589070203610592 0.9782183981767449 0.09126399627162352 0.04356320364651023
0 0.5774486755538318 0.854841800544788 0.12480967111057706 0.13924704801881072
0 0.3880542069725278 0.9761063875112072 0.15767551934760476 0.047787224977585696
0 0.8125044622199817 0.8254557211119236 0.14971335111185902 0.12242379064837439
0 0.781556906664951 0.7715630351631922 0.14811136000272296 0.12664781197953068
0 0.8713776355557558 0.7284488864041911 0.09881372444538616 0.11135394164269685
0 0.8334031644484236 0.9296057388919186 0.13180017777615127 0.14078852221616278
0 0.8880164977783958 0.8971548418099339 0.13209144889066626 0.1795937345263925
0 0.9453189688889931 0.8144222860832597 0.10936206222201383 0.13240122034428958
0 0.656856462224904 0.7452721437747083 0.10347406222588484 0.11324746844627409
0 0.6239428266675936 0.8065932810298555 0.10376533334039983 0.1292696183228954
0 0.7488617244435267 0.624523396067991 0.10150798222877921 0.09474916813418055
0 0.7072827733328773 0.7036873820494309 0.1060226844416724 0.12227813474040072
0 0.9742276266682893 0.630653465677977 0.05154474666342135 0.11185158095238379
0 0.9541663288863169 0.7375892556078192 0.09166734222736628 0.17974031239144905
0 0.9883542755566952 0.5204762162233751 0.023291448886609722 0.05033023854442975
0 0.9587538488881869 0.4101907274908423 0.08249230222362613 0.0954774476740492
0 0.9417560177751714 0.3629982133087393 0.1025274311088854 0.09300129723857709
0 0.8374809599998925 0.4222801678523357 0.06131256889137959 0.06270486838085687
0 0.8708679111105286 0.21927224611979812 0.11323164443795886 0.0841891148063707
0 0.783850666663299 0.31708018832134555 0.12167850666575963 0.12220530678645414
0 0.8464375466625724 0.1750292640741019 0.12655729777697056 0.10829516757533009
0 0.8900189866674029 0.2549943575493162 0.11658126222383636 0.09052514680302437
0 0.6821970488876103 0.09899688011401558 0.07798784000592096 0.07974660961329427
0 0.6219039288918591 0.1408365396782268 0.10682368000141451 0.10181347967070276
0 0.0729197807299594 0.9278578679962747 0.1458395614599188 0.14428426400745065
0 0.13569962666369975 0.7815040508821343 0.13711587555913463 0.10006560877501836
0 0.1412701866692967 0.8551695263376682 0.15102407110648022 0.13378495146999914
0 0.026434702224408586 0.7989313525996284 0.05286940444881717 0.06777283863615413
0 0.015002311109047798 0.7530223847433275 0.030004622218095595 0.052569910515452456
0 0.02341276444494724 0.6884663396665839 0.04682552888989448 0.06401577155262017
0 0.10471566222194169 0.7256814241528122 0.12917873778690894 0.0895055554472085
0 0.11793208889042338 0.7513532779324281 0.1324555377786358 0.09205453383678852
0 0.08476359111567337 0.6500131799626198 0.10704213333212666 0.09678835084573145
0 0.035864604445588255 0.5918236447288261 0.07172920889117651 0.10596467304775103
0 0.024140942220886547 0.42588035425874876 0.048281884441773094 0.08607304697835916
0 0.492134598766764 0.043435512887754324 0.13578653497000537 0.08687102577550865
0 0.9818734933311741 0.2161989749769841 0.03625301333765185 0.0804505607061371
0 0.9826016711122874 0.15306061781425917 0.03479665777542529 0.052895130859703876
0 0.9942889244450877 0.03368221681823008 0.011422151109824585 0.03111587211528144
0 0.4495078399984373 0.7222585103155111 0.18757859555383527 0.12417166154405868
0 0.31941888000195223 0.4855312458880737 0.14468892444339063 0.12555539266968752
0 0.4871546311148753 0.278044404985527 0.1319458133334087 0.11681603819150832
0 0.00535395555715594 0.36994362319676616 0.01070791111431188 0.025066696783330955
0 0.07773667555819783 0.5587233396427538 0.11250346666201949 0.11346595230819423
0 0.09000647110967999 0.6979703876616049 0.13092636444295447 0.09423937245623226
0 0.18547057777953646 0.9621962483001234 0.0984496355574164 0.07560750339975308
0 0.17229055999778212 0.91984074947617 0.1256834844437738 0.0978079422014666
0 0.03863168000243604 0.846440748917918 0.07726336000487208 0.08559400004893825
0 0.01234446222273012 0.6375528959612788 0.02468892444546024 0.052499289621518064
0 0.3600876088875036 0.15208845856889158 0.14330538666496678 0.14602004773938548
0 0.4748484266663177 0.6315877076045131 0.11476081778398817 0.11004303847101438
0 0.43363356444363793 0.5451045122476175 0.10398378666076391 0.12191399497042588
0 0.36245418666965434 0.2964334633666603 0.11847452444748746 0.14995275725467527
0 0.28614115555667213 0.6328257828222492 0.10449351111633909 0.1310174892185798
0 0.3674422044462214 0.6222657294944393 0.1141782755549583 0.10669295258770028
0 0.28894464000024733 0.4128489478113016 0.1628205511098107 0.13109031717252628
0 0.25708686222011845 0.3283685211889836 0.156776675561236 0.13764483303126174
0 0.08898702221922578 0.16599859777997528 0.12917873777656091 0.14907882180683307
0 0.11359943111116687 0.05028134056231587 0.16092728889650768 0.10056268112463174
0 0.7248926935200062 0.019657185911755914 0.08147017303854232 0.03931437182351183
0 0.7160573155515724 0.2579438896857229 0.14847544889069275 0.13283818806812975
0 0.8158540799955114 0.5677540059368804 0.09218730666778152 0.09118059838894632
0 0.9754655288894557 0.46637871627761857 0.049068942221088596 0.07661256301686048
0 0.7835229866672306 0.6806009206362469 0.10733340443629358 0.10188630762464923
0 0.893914737780061 0.484256756693324 0.15058716444505582 0.1496614454386469
0 0.8760015644443532 0.39631700225673183 0.06539036445319657 0.06554515858630361
0 0.43956821333203044 0.7827057121228567 0.168136248882446 0.10115802808478058
0 0.3954042311085181 0.4299635169977257 0.07645866667023965 0.11827259727124528
0 0.38648405333773955 0.6810378883601276 0.10493041777776346 0.08076620096911002
0 0.49574712888958555 0.5105112341048349 0.09524565333914425 0.10545487736988357
0 0.552071680004398 0.5921149565447735 0.11366855110973123 0.12621084425552875
0 0.46141354666712386 0.3576817726678611 0.08206563555738994 0.10698426440364772