0 0.3779774577770796 0.9501792397838555 0.28770303999384245 0.09964152043228902
0 0.8711358577789118 0.649247895163361 0.11345009777901893 0.08404339164808783
0 0.042024248890164824 0.1597695546720294 0.08404849778032965 0.09832176607035359
0 0.35431581635752485 0.012993381843193597 0.06291080981286035 0.025986763686387193
0 0.13162148950828445 0.007494875717193705 0.04384326237357325 0.01498975143438741
0 0.9822296594735235 0.01678043242008559 0.03554068105295305 0.03356086484017118
0 0.009511111112725403 0.3031467260708645 0.019022222225450806 0.03831128545025153
0 0.7722129066681696 0.512950488344094 0.17920455110983713 0.3139610584011787
0 0.061802666665365304 0.8191189619044366 0.12153287111885018 0.13626099287139137
0 0.43761521778069434 0.026102403070812796 0.07682275555820928 0.05220480614162559
0 0.9883608177769929 0.20098863784953097 0.023278364446014166 0.049973961450704096
0 0.5475700622217523 0.8257098864661017 0.09968753777858286 0.0856456053536494
0 0.4603816844833394 0.00541928068949038 0.02486500026037297 0.01083856137898076
0 0.05185464889121552 0.9291983262684651 0.10370929778243104 0.09030659067907365
0 0.23317930666833286 0.41474207098063776 0.08942023111093375 0.08302380110813368
0 0.9592701155537118 0.6625754000781132 0.08145976889257633 0.14987980936890677
0 0.9748531199991703 0.30085392028825003 0.050293760001659416 0.09231641536616497
0 0.30810880000289115 0.11866026097600824 0.03844778667100601 0.06183088345691501
0 0.015291703290616472 0.03211379181269053 0.030583406581232944 0.06422758362538106
0 0.9435531377792359 0.7548483439413035 0.08949304889473642 0.06277764610103698
0 0.9536748088844534 0.0940080182785365 0.06677390222127233 0.06277764610103687
0 0.5180788622237742 0.3178809696877747 0.22944881777382564 0.3593328374278082
0 0.889485937776044 0.5911312343876673 0.11126556445120106 0.08462601481377607
0 0.6392405406623665 0.9365240093384644 0.13407173646200032 0.1269519813230714
0 0.024365937777070537 0.26373459128350535 0.048731875554141074 0.07741372902795696
0 0.9464905955570025 0.259400169433526 0.10701880888599491 0.11987471633685709
0 0.7804413155549101 0.6934908418065303 0.0574532266706228 0.06459834349385285
0 0.3871524977808197 0.13322584011780741 0.12997973333630297 0.08309662900388515
0 0.17088369777840046 0.48716941326316204 0.07420131555861897 0.09605999444004187
0 0.8138282666655464 0.5984868518542781 0.06320583111503053 0.1344402954786562
0 0.29077816889103913 0.32075767156825874 0.1501502577836315 0.10013835659977799
0 0.3657076622204234 0.84205974905276 0.24554154666968517 0.21360421811422747
0 0.8362561422244956 0.9533108392993483 0.16150983111518946 0.09337832140130331
0 0.8972410311146328 0.5151353252153841 0.141048035553346 0.12300631585239041
0 0.9739064888873448 0.15034039560941126 0.05218702222531035 0.11004295041615286
0 0.6029479822247392 0.5641484990274835 0.1491308088931772 0.17369453126580292
0 0.7910832760545115 0.01517821871448366 0.11248233678440256 0.03035643742896732
0 0.699941262225103 0.2883128440299508 0.12743111111016736 0.22023155662380856
0 0.9330673777757006 0.03531513187799368 0.08381326222378349 0.07063026375598735
0 0.4635383466672566 0.5589413044842872 0.11993087999936608 0.17959359081819304
0 0.900445013332905 0.11953419572450003 0.0693953422312108 0.05993735816842849
0 0.8429917866622822 0.17288062933130388 0.10405660444456666 0.10254167715812024
0 0.8431374222247137 0.0878176471433022 0.1436694755529364 0.12162258583392149
0 0.012351004443027907 0.7856919050708617 0.024702008886055813 0.06912726286745852
0 0.40204373333189225 0.060434358356727946 0.09204167111052403 0.06467117138952339
0 0.42013895111158495 0.2116250698484734 0.06109411555031935 0.0814215874025721
0 0.3635231288874315 0.20314061999836225 0.0773324800034364 0.08688367958069632
0 0.3029751466638926 0.1684745416409289 0.06852152888766594 0.05076104330908304
0 0.9917104355576966 0.7758704574178186 0.016579128884606886 0.04787045860974992
0 0.856717937775991 0.7141011362921417 0.11374136889353403 0.09329253440310403