0 0.03883704888737864 0.11111699525185542 0.07767409777475728 0.22223399050371084
0 0.17826312815563544 0.047732225169542175 0.26846066404961877 0.09546445033908435
0 0.9017244444435669 0.10835654864441191 0.19655111111286616 0.16429668718499713
0 0.1232944355553223 0.728776084625145 0.10099825778355202 0.07894547051128364
0 0.9408978182098104 0.010954123132495774 0.06862405416452233 0.02190824626499155
0 0.04581631999980244 0.6750290761036607 0.08454143999972277 0.10370696495207476
0 0.09187356444696586 0.8421691635791007 0.12029496888733573 0.11696164727036562
0 0.059870151109579536 0.9745766925741771 0.08847360000428225 0.050846614851645766
0 0.08266211555649837 0.9230809880606593 0.12764956444087958 0.06277767119987288
0 0.008690488886915974 0.9571110753144381 0.01738097777383195 0.04627966746908119
0 0.653087174307762 0.03229270510645171 0.17882646915192402 0.06458541021290343
0 0.6346572799970291 0.05097306782432737 0.18524842666875985 0.10194613564865473
0 0.6196568177754267 0.08767186238273139 0.18568533333018422 0.10589180269683363
0 0.6018528711102489 0.17626703293346174 0.11177528888608013 0.10523635137342213
0 0.5692669155541807 0.23645931280208232 0.1341303466612267 0.09977425701144371
0 0.4940461511154556 0.2976347696558605 0.09815836444290144 0.07894547051128364
0 0.7830599111142672 0.22200296972414957 0.06611854221878777 0.09358388340126611
0 0.8457196088921692 0.26194908649111276 0.07070606222583187 0.1329837907321204
0 0.6798407111109959 0.21992737386657185 0.037501155564354516 0.04340544319627282
0 0.9870668799978577 0.18895868638224833 0.025866240004284502 0.08218353807034484
0 0.9134037333333658 0.22753789201087515 0.05417642665819988 0.09824487059017706
0 0.4820312177762389 0.43283981209513384 0.14650936888323884 0.13087178091214902
0 0.48545365333039725 0.5260231419098258 0.18219007999739717 0.11186369253256767
0 0.43411711999732583 0.6217918630558914 0.12903310221930347 0.07515841842030879
0 0.4158398577788224 0.6750654900660544 0.14243157333176998 0.09460347434877725
0 0.5841581511104272 0.47926761417162694 0.068230257783499 0.10385262080173063
0 0.6200573155552976 0.5554092095771339 0.055996871118744185 0.06853107726116325
0 0.6617090844445759 0.6772867417732478 0.07201678223080099 0.04180322885005694
0 0.5895466666668654 0.656567197160269 0.07114296888725624 0.11834537784205712
0 0.5695217777767942 0.8016768373758668 0.20104988445010447 0.16109536971491845
0 0.4439111111116492 0.8011306279397175 0.05366670221297276 0.04988712850576227
0 0.4285829688888043 0.8526927987164024 0.05242880000215433 0.048721881708514325
0 0.39221048889060817 0.8808772056240687 0.08337635555201106 0.08367928562498217
0 0.32838570666499434 0.8774178791948399 0.05708913777230512 0.05229045002496491
0 0.3560200533312228 0.9330584137618119 0.1628933688832654 0.08142161995535468
0 0.33067946666334236 0.9692966680242889 0.20381695999660426 0.06140666395142225
0 0.48091083992686534 0.9875764771555904 0.0902046312474542 0.024847045688819347
0 0.5375547733313093 0.9368882414767605 0.14177621332928536 0.12622351704647894
0 0.7190894933313958 0.8549140504235957 0.07988110221922395 0.10195909475628351
0 0.733187430884896 0.9665656208433402 0.1626903106665446 0.06686875831331973
0 0.9703187911098616 0.4247900330220854 0.059362417780276844 0.0770565312253102
0 0.9010247111113535 0.45046416990298327 0.09859527111467381 0.07843567503752824
0 0.8252578133354999 0.43710024569743006 0.07056042666857443 0.11477680952560665
0 0.9640564622202268 0.5156119046155831 0.07188707555954654 0.1187032055545626
0 0.9130396444453961 0.5404430710254052 0.07587612445155778 0.11900082916554955
0 0.8666547200021644 0.5527145763585788 0.07310904889471004 0.11907365709033713
0 0.8227091911093642 0.5669524356620276 0.07376440888684654 0.12074869936134047
0 0.7822953244464266 0.5816272625144443 0.06633699554950001 0.1152866049994431
0 0.7141742933334576 0.5914226184035065 0.12262513778275907 0.13138157638598535
0 0.9937297066673636 0.63736956898957 0.01254058666527269 0.04823504148382962
0 0.9705372444457478 0.675648113464638 0.058925511108504414 0.11062561781053204
0 0.9337927111114065 0.687956032760246 0.05854549333453174 0.11004299441198895
0 0.8437899377817908 0.7187258309992051 0.0700507022233473 0.11608771217251057
0 0.81113116444192 0.7301234012344427 0.059929031112955666 0.11616054009729804
0 0.7691881244433009 0.7400644129731611 0.0765314844436944 0.10589180269683363
0 0.9169353955580543 0.8127102679870051 0.09182321777981195 0.10436241627548626
0 0.8353430755539901 0.8453371783090173 0.09976035555203755 0.10042970833493614
0 0.9653740170360026 0.9915999676915526 0.06925196592799487 0.01680006461689476
0 0.6665878755557868 0.4851666760824925 0.09094940444661515 0.11798123821795758
0 0.9603791644434548 0.9420384004770636 0.07924167111309033 0.07831854318927722
0 0.4665574399961365 0.5798429783561786 0.17119459555380873 0.09423933472467771
0 0.7853900799993425 0.45359577067050627 0.06932252443706 0.11033430611122008
0 0.8882451911094702 0.7035047947105582 0.08308508444784413 0.11754427066898954
0 0.8862427022204631 0.9585117734884889 0.07223523555116529 0.051343687002241456
0 0.8471395555573205 0.913576943870909 0.08301226666404149 0.06095697307929426
0 0.9941302044420607 0.7636946679411021 0.011739591115878634 0.06533146184496541
0 0.9726774044438369 0.7754587844385563 0.035971982218325094 0.07035177538182269
0 0.8850412088911981 0.23580386147867077 0.054977422217941885 0.09846335436462061
0 0.7871012977790088 0.317371137283641 0.0638611911175152 0.07224530142726981
0 0.7339079111090137 0.3017859613708946 0.07485667556110354 0.07515841842030879
0 0.6936032711062581 0.3408217290776089 0.09429902222214481 0.0703517753818228
0 0.01094783999853664 0.8135603785084782 0.02189567999707328 0.09945776654026961
0 0.619802453332684 0.32374358070590875 0.08286663110678394 0.10348848117755016
0 0.5656624355560376 0.31642437426091746 0.06444373333619702 0.07224530142726981
0 0.7216381155575315 0.21799743385869064 0.07085169777274136 0.0868837143173331
0 0.5152725333296176 0.6702224330651343 0.055996871108396185 0.08695654224212068
0 0.46677589333202274 0.8826979037447282 0.051773439999669824 0.0846988765724932
0 0.23638044444637166 0.3940953560877315 0.08949304889473647 0.049013193407826394
0 0.7146108659036043 0.013029718990033023 0.07630468098860654 0.026059437980066047
0 0.08999153777646522 0.17615779104619955 0.17998307555293044 0.26931766600616713
0 0.342410818937545 0.0582922742693186 0.15752023343617721 0.1165845485386372
0 0.8282433422230597 0.04674904818442488 0.1646409955600069 0.09349809636884976
0 0.6810057955587077 0.17608496312137156 0.06866716444492338 0.06146676855304989
0 0.9664878933328307 0.2120983719478251 0.05432206221545732 0.09824487059017706
0 0.9399094044437839 0.21981813197935013 0.051263715554442646 0.09737093549224107