0 0.06575957333358626 0.12208402664193546 0.13151914666717252 0.22030464913603576
0 0.15482083555931847 0.09299529094356002 0.1795686399978068 0.18599058188712003
0 0.5744696888865697 0.19709684932291643 0.09757582222421968 0.16087701485662198
0 0.2622998755580435 0.022752701161221356 0.08971150222544866 0.04550540232244271
0 0.28698510222343937 0.06757228122761988 0.10223615999437044 0.10428967192156258
0 0.3877696497572793 0.021368969480698607 0.05606020270950263 0.042737938961397215
0 0.3496125191036198 0.03455083443727908 0.06858609068310928 0.06910166887455815
0 0.02399857777895199 0.5511474131626103 0.04799715555790398 0.09951263056208348
0 0.04467882666633361 0.9498159945606534 0.08935765333266722 0.10036801087869329
0 0.09055402666433818 0.5169937654649792 0.18110805332867635 0.3130146717310628
0 0.9393959822236664 0.13242560025424244 0.09444465777940225 0.10611037150121061
0 0.7609560177764959 0.8836098328205335 0.04485575111789841 0.05709713881741252
0 0.9519850666686478 0.2686867567942447 0.0960298666627043 0.09431223822515289
0 0.0822943288884643 0.356772202457045 0.09014840888687307 0.08739357982253892
0 0.7126778311147872 0.1662541984439037 0.03189418666685617 0.18731357275301097
0 0.6508191288914531 0.4422358407251344 0.06458936889345446 0.10931480276130057
0 0.9664841955527663 0.6973522658237621 0.0592008533370163 0.17034465267075938
0 0.19621774222080907 0.5694299133585106 0.1401742222201493 0.15075392519383723
0 0.34909866666421296 0.26861392881105717 0.10777031110806595 0.10611037150121061
0 0.8280211911122832 0.15514793100810742 0.03728270222329433 0.07450302679870857
0 0.5084603733331379 0.8629630995874529 0.043326577782217046 0.06765719637932255
0 0.25603754666323464 0.5063608799199625 0.1352954311089383 0.18542004519013489
0 0.6188157155592409 0.8163531903487626 0.09204167111052408 0.2928413203886403
0 0.8349388799992286 0.20496227150696839 0.04281685332664187 0.023960406468012674
0 0.759863751112587 0.4304012934575436 0.06946815999431744 0.11550518133212007
0 0.8228147199998299 0.09222455353589398 0.028034844435751438 0.04478920965908251
0 0.6811113244439992 0.8027343574930974 0.11294037333379192 0.2976479672788561
0 0.19261326222266587 0.8821532731568232 0.16136419554758402 0.21731870182538704
0 0.8863118222242015 0.4090262803925874 0.10056135111177966 0.13596984460721162
0 0.23841564444204172 0.3056833722524224 0.09335239111549323 0.14310698695934787
0 0.9829326222236785 0.4230823783844519 0.03413475555264289 0.1308712913100979
0 0.15336447999709182 0.31103622901656497 0.12204259555372926 0.12176838788608657
0 0.6597028977806784 0.17000483957796086 0.08308508444784413 0.1908821439290791
0 0.3924980622250587 0.7662839519087656 0.0943718399955995 0.13706226435498425
0 0.3709804088860337 0.3413690840133053 0.1026002488926881 0.08411632057922092
0 0.55906872889027 0.817664094046098 0.09721173333625 0.27259514106315164
0 0.4607283199982096 0.7520824951876 0.09247857778229646 0.1476951499000414
0 0.4078626133346309 0.9147073816406823 0.11126556445120106 0.15454098031950825
0 0.30992270222244167 0.4936888108456543 0.0917504000063572 0.14172325527890584
0 0.5996282311156392 0.44653269173307786 0.050899626666472964 0.10756693116496141
0 0.49549880888726977 0.4658321072772499 0.08497834667149518 0.10829521099675588
0 0.18227313777638807 0.391656806402865 0.09131349333458477 0.08550005225974389
0 0.394027235555566 0.4681626027391702 0.07631303111298215 0.12344343149927872
0 0.28094122666451665 0.8643104172763616 0.13675178666081697 0.23436044989078586
0 0.1541878941313674 0.9549867813668069 0.15966140604060558 0.09002643726638626
0 0.6844609422195289 0.29031666780029663 0.04216149333450525 0.05003282444834278
0 0.43746304000313907 0.27458582343223314 0.06153102222209178 0.08440763251197114
0 0.7584230125933471 0.9851375664055986 0.059596176290263814 0.02972486718880296
0 0.5853901603776548 0.9902355252285645 0.0706288540942801 0.019528949542870988
0 0.6605144729992996 0.9895072453967295 0.07684391489666376 0.020985509206540964
0 0.9700158577774548 0.5179041152548032 0.05068117333576083 0.04056518663428621
0 0.5904167822199977 0.5540267949148112 0.1322370844479237 0.08761206377214192
0 0.5696637155539874 0.3637272748512325 0.06961379555157488 0.06998769184116205
0 0.5663555946252826 0.02176952338820981 0.06297720185377531 0.04353904677641962
0 0.5112678368989793 0.02369946494261893 0.060139526199135596 0.04739892988523786
0 0.7420962133341366 0.6931282427990062 0.0827209955495265 0.1361155005735868
0 0.6911601777757621 0.5444863291174864 0.050753991109215524 0.041730434365286784
0 0.7927773866698973 0.3131846545205367 0.048496639997594904 0.11980203233998266
0 0.7396568177785311 0.31617060183114487 0.041433315558566 0.11368448175247203
0 0.7715145955534859 0.22418885906791236 0.08359480888272319 0.060520054027105474
0 0.7854227911111795 0.09331697328366656 0.041506133342368745 0.04551748949087708
0 0.32470471111333205 0.773166196319806 0.067429262223757 0.10203200444278926
0 0.14528170666243467 0.4776666545448811 0.09917781333335574 0.11506821343299478
0 0.07118449777675172 0.6724086815826975 0.14236899555350344 0.2192122293881823
0 0.3612956444474144 0.4824368874435233 0.07755093333414864 0.12388039939848472
0 0.814549902221188 0.42901756177698036 0.04471011556064086 0.11492255746670055
0 0.7007721244461007 0.43801181770041897 0.04958890666150384 0.10858652292950599
0 0.503581582221927 0.7587462556490777 0.03954005333491495 0.11120833032417665
0 0.5007780977783518 0.9519224810484631 0.046749013341549406 0.04122063848301449
0 0.496518257777724 0.9198417544552624 0.04580238221420185 0.03401066814756948
0 0.4691751822208365 0.8834641768541585 0.040777955556081436 0.0498143404988205
0 0.464041528892186 0.8446468618162923 0.0386662400017182 0.033792184198047304
0 0.5260430484544485 0.9935491984635368 0.05052990136254165 0.012901603072926315
0 0.7148296250133879 0.9880142717414052 0.03211997892293672 0.02397145651718957
0 0.8100351999979466 0.9387406160919229 0.04937045333079171 0.05840804251470744
0 0.8564201244463523 0.9170014631110291 0.044710115550292806 0.033136732349399844
0 0.8515413333351414 0.886085984248829 0.04602083555526204 0.041511950415683785
0 0.8459707733347184 0.8513834502609576 0.04594801778180735 0.040856498567036326
0 0.8030082844456451 0.880951611434249 0.04434602667267118 0.05702431083418458
0 0.8290770488894648 0.797636398670091 0.06255047110219791 0.07552261856333409
0 0.7936511999979201 0.8086334241311262 0.05461333332997231 0.08484460041101549
0 0.7530188799990962 0.8026979435014834 0.04339939555567174 0.08550005225966295
0 0.8197927822203686 0.6889770477574378 0.10267306666614284 0.15199200090806575
0 0.9738640830696871 0.9872859919095702 0.05227183386062584 0.025428016180859436
0 0.9010574222231904 0.2583087691903238 0.07427413333207367 0.16604780166281585
0 0.8536166399976032 0.323380572166509 0.03895751110588508 0.0340106681476503
0 0.836067555555039 0.2511352128465737 0.04390912000089875 0.06634629268194692
0 0.6865726577738921 0.34755946258408427 0.042889671110444505 0.06751154041286667
0 0.6289737955563598 0.3441365473743509 0.06924970667395325 0.09300133452785808
0 0.5189097244447718 0.2924286793126948 0.11141119999811061 0.0765422103279596
0 0.9141282133344146 0.20397909373395678 0.026432853336963436 0.038744487054719
0 0.9844617955541859 0.3353205141343322 0.031076408891628216 0.04202944084709437
0 0.9515565511149665 0.4153259009381275 0.032112639997568415 0.11128115830740448
0 0.5509859555556129 0.4539975600095782 0.06109411556066735 0.10268745629143672
0 0.48137215999886396 0.39762870102404096 0.07361877332958905 0.05316442772536634
0 0.49134819555717213 0.5781328573491586 0.06750207999721175 0.06765719637924172
0 0.6384372122792734 0.011828503683414093 0.031098979877101085 0.023657007366828187
0 0.6089218259789049 0.015579144817471247 0.03682713916318281 0.031158289634942493
0 0.42646755555955074 0.4545437698835049 0.07653148444369434 0.12344343149935944