0 0.1423027200003465 0.7200003196836344 0.10631395555618738 0.11426701405185102
0 0.16382037333419752 0.328004014308205 0.06123975110757682 0.08841310073868058
0 0.085577671110837 0.2025214998332064 0.0918960355532666 0.08506301619659273
0 0.2871372800009946 0.7472743775309305 0.10107107555700673 0.1418687975608126
0 0.9177275733349638 0.673608931569535 0.1645448533300724 0.25322269461962466
0 0.7805505422254404 0.6165482524684375 0.1098092088889745 0.08885006828764852
0 0.9684087466655507 0.4605778781046388 0.0631825066688988 0.10026530578697423
0 0.9453983288879195 0.20746995247785577 0.10920334222416084 0.067009383326882
0 0.3882200801072435 0.04194240514589842 0.2562269085086882 0.08388481029179684
0 0.9165377422235906 0.3160966485991713 0.055705600004229305 0.1240259559784791
0 0.6176207644450995 0.5685546500081626 0.07172551111628611 0.12380747220403565
0 0.02578588444222179 0.72682732480577 0.05157176888444358 0.06659991159264755
0 0.1796946488889969 0.7831057165452938 0.10900821332923241 0.09394802302544658
0 0.04599281777627766 0.9105360684825183 0.09198563555255532 0.17892786303496344
0 0.054083982223851815 0.4503549280157211 0.08774542222834295 0.10560049099752167
0 0.5477885155576385 0.6973144211003403 0.16303900444052288 0.17668054562762436
0 0.7147596799975469 0.5454681978383751 0.07594894222501247 0.09613286077020555
0 0.3077447111097475 0.5107656916588256 0.14665500445084437 0.09183601320547519
0 0.6751832177810785 0.677104671961198 0.06437091555239416 0.050324096054730205
0 0.4719123911112547 0.5493280778541376 0.059929031112955666 0.09977425701152454
0 0.3068429694045335 0.9670025883922677 0.11091843658230371 0.06599482321546468
0 0.5493236935180095 0.9631427083765052 0.08817031963004007 0.07371458324698965
0 0.4546138412112163 0.9455183505686557 0.14710056647244424 0.10896329886268863
0 0.22993891555815935 0.10689843453679676 0.17075768889238435 0.16998037654361042
0 0.05447608889080584 0.29399337341450116 0.10895217778161168 0.13837305716923054
0 0.7849158389700783 0.9808763080716169 0.14054585095081062 0.03824738385676629
0 0.588384426669735 0.061927190956782674 0.12116878222053251 0.09270994830341106
0 0.9655688533352481 0.09492612358719482 0.06886229332950378 0.15168480204387025
0 0.024584391112956735 0.04983775543569918 0.04916878222591347 0.05629598589046425
0 0.7513870222183565 0.16144655023138904 0.03487971555441616 0.04602724848999984
0 0.08616021332951884 0.13621167427923636 0.09495438222462932 0.06328746667370921
0 0.621270201763966 0.019984785810884254 0.10421933685946805 0.03996957162176851
0 0.09001955555544959 0.05322425394009994 0.08621624888231358 0.08418908109881851
0 0.00787504782072372 0.016998515900154665 0.01575009564144744 0.03399703180030933
0 0.8815433117250602 0.010917709170061518 0.04047570789439814 0.021835418340123036
0 0.989271040002091 0.2789129553892169 0.02145791999581792 0.07444021434477732
0 0.6423788088891241 0.38681256360513405 0.16988387554883966 0.1404850669891211
0 0.6503523555532511 0.263879026498994 0.17490830221730802 0.09227298075444312
0 0.8078572088852525 0.752081020569457 0.06451655110965171 0.11492246537526263
0 0.8386227199962983 0.33987496605484496 0.03429717333573434 0.12599230994887545
0 0.799337528889171 0.3496703219439072 0.05097244445027571 0.1317457160100849
0 0.37805027555570836 0.18726404958216575 0.19114666667042507 0.2191392258010928
0 0.17871160889044402 0.2409382301788625 0.06320583110468256 0.08935986376132332
0 0.007108124443847272 0.2773535444901114 0.014216248887694544 0.04100982415452892
0 0.3623580444448938 0.6840233248196554 0.03844778667100601 0.14587433342631195
0 0.3479037155552457 0.9455547645310495 0.08934741333747903 0.10889047093790105
0 0.647685973206535 0.9732657899273136 0.1417932802500823 0.053468420145372786
0 0.7766547911127822 0.544994816326973 0.07551203555324015 0.0855728116704293
0 0.8873742222216808 0.4909200821437829 0.10616831999892984 0.12191394615858853
0 0.9819164444433732 0.5345640585781678 0.03616711111325355 0.04708693836484801
0 0.8447030044471224 0.23252660486145138 0.03524380444238584 0.025344117839414926
0 0.8736844799998733 0.34926976835737344 0.040777955556081324 0.10239606230525156
0 0.9075811555557367 0.38684897756752784 0.024830862227827266 0.035685683164666915
0 0.7109367466686914 0.18846571034180742 0.03815651555649113 0.05229045002496491
0 0.17299541333276364 0.3949328772232332 0.035462257783446055 0.02854854653176586
0 0.03252152889035642 0.5158272324342298 0.06504305778071284 0.06292332704960968
0 0.06820223999934064 0.8120184027011592 0.13640447999868127 0.14143183001184456
0 0.03157489777853092 0.7548848956752338 0.06314979555706184 0.05600467419107136
0 0.20434346666766537 0.8332841567503277 0.10296433777030972 0.09438499057441463
0 0.689382684448113 0.6334079170656536 0.06903125333289306 0.06838542141150739
0 0.6683019377756865 0.5897475761325435 0.050462719994700644 0.04835774208441479
0 0.6817732266667816 0.826037778230124 0.030656284445689685 0.031971458998560354
0 0.7328548977772396 0.7445797443123755 0.09029404444413058 0.14871462249448242
0 0.6446725688874722 0.763187279105423 0.08607061333540411 0.13626104734925903
0 0.5839789511118498 0.8114357793025757 0.02657848888387282 0.034520436367499796
0 0.4509044622226308 0.6915610150391307 0.0431081244411568 0.1462384730504115
0 0.4200297244462288 0.6889392097454037 0.042962488894247364 0.1462384730504115
0 0.39010161777647834 0.6863902323765046 0.04136049777476325 0.14609281720075562
0 0.3235097600043648 0.6714605077872102 0.026869759998387754 0.04194888469971281