0 0.8146329600001789 0.8188649360683116 0.21721543111941888 0.06408849708834641
0 0.603679857775569 0.7502246991299095 0.17847637333389788 0.13378473767196442
0 0.6592034133358134 0.49143097821681997 0.46370360888540746 0.38074393497499026
0 0.08427861333410773 0.47079954017042785 0.16855722666821546 0.0723485505638114
0 0.8325461333307127 0.9137960223804504 0.21998250666591856 0.09999262102537154
0 0.8547919644456771 0.9591313512866565 0.18568533334053217 0.05928185980674261
0 0.6502832355546868 0.8556065801377049 0.23541987555929356 0.12824982201433566
0 0.08427064889110625 0.6116697380951224 0.13056227555498479 0.03859875392819667
0 0.059767466664521235 0.41448836779197484 0.10718776888938414 0.06343304654996418
0 0.10414990222391983 0.6662177884578234 0.1640584533309771 0.10035676021334372
0 0.8420124444437938 0.7332558129690105 0.13871786665792274 0.06794837248115793
0 0.7475677866695656 0.2409760447090355 0.15342705777535837 0.15963862002008622
0 0.08128511999837226 0.5858158557469602 0.13099918222675722 0.04267711283385622
0 0.008074808886481656 0.7331410331406141 0.016149617772963313 0.03829636643392209
0 0.2735240533327063 0.08497881656891293 0.12459121776951687 0.05607743495231321
0 0.2797499733356138 0.1212470796939506 0.12480967111057706 0.05709702467874822
0 0.28575744000263514 0.15645933917373178 0.12429994666534996 0.05396542766196166
0 0.4041955555530472 0.11738720430109861 0.060147484443667854 0.15162755788405313
0 0.4694766933357136 0.10908483081465542 0.054540515556517566 0.14521870817519422
0 0.6005486933359255 0.09521112775180235 0.051045262223730514 0.1285411333647456
0 0.641035377777492 0.09175180546574391 0.06764771556481719 0.12482691364713916
0 0.7281618488900777 0.04784225434807898 0.1357323377807107 0.09568450869615797
0 0.3779109362978488 0.017290976474736985 0.03698623407011231 0.03458195294947397
0 0.4101135639266835 0.016744767692698004 0.029524481027490557 0.03348953538539601
0 0.44034667758581536 0.016307800667123395 0.03299226261054472 0.03261560133424679
0 0.5037290499856075 0.01532462485950975 0.03249354447341629 0.0306492497190195
0 0.5519140351822392 0.01481482999629219 0.06573921852848597 0.02962965999258438
0 0.6001503097979972 0.013831654188678544 0.032472500401652504 0.027663308377357088
0 0.6313231239923172 0.01335827324428246 0.0315850764513016 0.02671654648856492
0 0.6649150753135069 0.01288489229988643 0.037218951589117366 0.02576978459977286
0 0.6664123733320998 0.26133142531830955 0.05519587554865413 0.12824982201433555
0 0.3117533866678261 0.2727653958215797 0.1391547733400431 0.06474394762680935
0 0.3196905244452258 0.3082689666518113 0.13930040889730055 0.0652537424899865
0 0.3276276622226255 0.3436268818067975 0.13915477334004306 0.06430698060119433
0 0.3951297422198372 0.5957204416606181 0.15182506666622225 0.07049734679720521
0 0.41982996315281423 0.9910360600654199 0.1305922640797993 0.017927879869160224
0 0.3361837511106084 0.3817522547905981 0.14053831111846699 0.07078865814761526
0 0.5122461101091984 0.9277850831094417 0.0615817846626871 0.1444298337811165
0 0.6285744157412814 0.9582635331452216 0.16680728480633755 0.08347293370955677
0 0.8470732799989895 0.8531304336592601 0.1685003377807638 0.0729006654379667
0 0.8492942222238828 0.776442720666044 0.13784405333507388 0.06270476817393911
0 0.007819946669042111 0.6971260780618691 0.015639893338084222 0.03414200092002817
0 0.015611448889184329 0.9463072711340943 0.031222897778368657 0.06320180156734667
0 0.03559352269706627 0.9913273714157895 0.07118704539413254 0.017345257168421058
0 0.0918072888886349 0.7318720840546034 0.1498589866587685 0.05585895143954611
0 0.09643121778240635 0.7719638086535908 0.15007743999982875 0.05797095872989755
0 0.10101873777910239 0.811764221902249 0.14978616888531382 0.05527632873872601
0 0.10593393777704074 0.8542956790609002 0.15073280000231332 0.0632873908747591
0 0.11103118222413791 0.8984293486467256 0.1501502577836315 0.058480753593074586
0 0.11598279111397763 0.9413613589121704 0.15044152888779838 0.06088407223399783
0 0.5033733688915769 0.6292940747944036 0.08009955556028414 0.16546484702820585
0 0.4207980088889599 0.7134830550604757 0.15277169777287375 0.07486701705327481
0 0.4119870577783634 0.6730271912734354 0.1513153422313432 0.06838533950677295
0 0.40368583111299405 0.6349018182896349 0.1517522488824195 0.07020603544679516
0 0.37426744888847074 0.5156462342189461 0.16660707555711268 0.12169531663027167
0 0.3565727288886491 0.4366644443413115 0.16223800889112883 0.10210462831572287
0 0.4135890488874995 0.31715396283903413 0.05883676443869873 0.12905092822792275
0 0.44537400888899964 0.31016249042939564 0.05847267556107705 0.12890527255271766
0 0.4775230577784694 0.30306177626337355 0.0594193066677286 0.1291237560655657
0 0.5085798399988561 0.2962523734477211 0.056288142222911064 0.12846830552710264
0 0.5421852444453785 0.28918807320048007 0.05694350222539579 0.12861396120238855
0 0.5734968888883789 0.28230584254722507 0.059273671110471104 0.12912375606548487
0 0.6044444444434096 0.2754964397316131 0.05636095999636581 0.12846830552710276
0 0.6366299022247808 0.26788593070237343 0.057962951115849926 0.12883244471515565
0 0.8209316977765411 0.6511788399933303 0.1517522488927675 0.06474394762672853
0 0.8223152355601391 0.6921809125623692 0.1620923733338714 0.06372435790037423
0 0.8430683022209753 0.9794564338869447 0.22223985777753918 0.0410871322261106
0 0.40994815999745493 0.7978905188393555 0.1312176355574694 0.03830744257778662
0 0.4116229688903938 0.8308451153535399 0.13136327110437884 0.04056510554342385
0 0.41337059555678735 0.865984546995759 0.13150890667198428 0.04267711283385622
0 0.4150818133364535 0.9004321141807339 0.13129045333092415 0.03932703230422174
0 0.4167202133323169 0.9326584323188931 0.1312176355574694 0.03823461474022449
0 0.4184678399987105 0.9669239299099226 0.13150890667198428 0.043259735534676214
0 0.005271324442906512 0.5828624462495875 0.010542648885813024 0.06138610294803026
0 0.0073830400024437245 0.6300836694571241 0.014766080004887449 0.033477782194449524
0 0.00760149333315591 0.6634360581863307 0.01520298666631182 0.03361791608603126
0 0.009713208887519108 0.856838318186228 0.019426417775038216 0.04069809083727083
0 0.01029575111137496 0.8949443900345663 0.02059150222274992 0.036799613173453816
0 0.07797191111474401 0.5571216877324214 0.13121763555746938 0.04413366958582543
0 0.058274702225915256 0.35112814907965356 0.07303623111090726 0.023814702895332496
0 0.28089652355863814 0.034769657498813056 0.1395559306670394 0.06953931499762611
0 0.5359957333343724 0.1035499151570266 0.05446769777271476 0.1341488768599366
0 0.5690914133356677 0.10056397381540466 0.053957973337835696 0.12905092822792275
0 0.5022082844438652 0.10609888947303348 0.05708913778265323 0.14070338224400047
0 0.43772814222094086 0.11163380513066229 0.05672504889468355 0.15104493518331397
0 0.36800512000400987 0.12354115657832854 0.06189511111006141 0.15184604139690094
0 0.29187413333501255 0.19210856567912798 0.12502812444128925 0.05797095872997826
0 0.7369363911087727 0.11050497364784367 0.13362062222634752 0.06838533950677295
0 0.4721476627824207 0.015798005803905835 0.03259612332201667 0.03159601160781167