0 0.011298417775995202 0.4640316439352183 0.022596835551990404 0.09601707281607308
0 0.056736711112575396 0.20531613336927546 0.11347342222515079 0.06705603562526874
0 0.058860088890004485 0.7960326732019194 0.0977214577814771 0.07144419425420223
0 0.9484411600718481 0.9912542873593031 0.10311767985630371 0.017491425281393913
0 0.7053727288885663 0.6349008895245669 0.10536732444953589 0.1328381348823836
0 0.6164622222228596 0.930108882806379 0.12473685332677431 0.10960602686302101
0 0.6623738311127656 0.7935929377202018 0.1058770488947629 0.10720270534373766
0 0.7262714311118341 0.9096442359302781 0.036772977778067206 0.030514900502081388
0 0.8775503644461019 0.519869182262042 0.18495715555424486 0.17879255544759587
0 0.1491890992037952 0.9805121684474769 0.08876198507431482 0.0389756631050463
0 0.5124991521860163 0.9932206413296185 0.11683110006981423 0.013558717340762971
0 0.47279274666474924 0.832155323915514 0.09211448888397883 0.05338286889742516
0 0.9710334577752898 0.6777237093221753 0.05793308444942036 0.059136274958634716
0 0.8804994844417605 0.7910075463888686 0.08963868444164591 0.06940501235909924
0 0.9533172622219557 0.8138026868593845 0.08803669334285791 0.06955066820875522
0 0.3054939022184246 0.19432835829027922 0.17083050666583907 0.16495524973068088
0 0.3122659555532866 0.2790272348628129 0.1642769066616893 0.0680941097121952
0 0.6077604977776193 0.2677389065147969 0.07747811556069384 0.2020974913919078
0 0.5449915733343611 0.27214499596678965 0.07310904888436198 0.2018790076173833
0 0.3214409955570267 0.3641994929467083 0.1631118222243256 0.11958345256409264
0 0.0397337600019657 0.09215338615995655 0.0794675200039314 0.15505586475520594
0 0.928049493337878 0.6448783152257598 0.05701631999885037 0.05331004097255676
0 0.9341297777783539 0.33987496605484496 0.12437276444915268 0.11288328348015952
0 0.12796416000152627 0.39624377987009674 0.09611946667234104 0.08477170449728089
0 0.13499107555900183 0.7094038566214641 0.08279381333332925 0.0694778402838867
0 0.553547662222344 0.4866960625038399 0.08075491555242076 0.03961839110529786
0 0.3551920355556326 0.47340496622311473 0.12036778667113851 0.10494503967411017
0 0.0594790400005877 0.4344784404037031 0.08570652444743447 0.11375721857809551
0 0.977040924442311 0.5314852362718042 0.04591815111537778 0.10938754308849652
0 0.9405377422200722 0.7166866491040615 0.059710577782243424 0.06204939195159298
0 0.5027936711079545 0.932876343949762 0.08789105777525236 0.10042970833493614
0 0.07961315555601484 0.5257682441729481 0.07733247999308838 0.08455322072291815
0 0.13371676444593403 0.7938114214946859 0.0627689244432582 0.10676573779476961
0 0.04075320888724592 0.2803381375096764 0.08150641777449184 0.08091182448151835
0 0.5580623644455853 0.5575212193970649 0.04376348444364142 0.06561796026812416
0 0.7895500800003195 0.5951732565320472 0.029345564451068618 0.04493482961762019
0 0.20511459555580386 0.7491314896139838 0.06939534223121072 0.03648679033773439
0 0.13939655111171306 0.44256234005936806 0.09145912889184224 0.053310040972637585
0 0.22015146666413382 0.6918159127760488 0.09611946666199303 0.08571846752008516
0 0.4246237866683967 0.74334166959034 0.09102222222006984 0.04267716394799281
0 0.6696556088876807 0.43182022114754187 0.0514093511117002 0.0682397655618513
0 0.21956892444545195 0.8035703634213542 0.12947000889107585 0.09103490603232667
0 0.05176035555907421 0.6740094851560687 0.07944419555779961 0.06408857384677669
0 0.43194197333003914 0.5833023047854073 0.21109873777669336 0.12504554692607117
0 0.7550708622257742 0.795814189427395 0.06728362666649956 0.10305151362866316
0 0.12887438222145042 0.6041310912856077 0.12269795555621385 0.10217757853072718
0 0.6157340444417463 0.5624735182852069 0.05992903111295578 0.07814436333821617
0 0.43077966061731177 0.9926744318933883 0.043029763218429384 0.014651136213223337
0 0.43572849778251516 0.9590579829246382 0.03764679111126401 0.04457068999343983
0 0.43303423999912205 0.7847807588162974 0.07784220443831552 0.04457068999343983
0 0.4071475200044612 0.85549667382226 0.042525582222474934 0.023159280094655843
0 0.40496298666629527 0.8312449748551842 0.04471011555029286 0.028257234832453904
0 0.4082033777764688 0.8017496653007352 0.05424924444200263 0.03393781296887588
0 0.5424429511082255 0.809869978918794 0.05490460444448719 0.08935986376140415
0 0.4878660266649806 0.6788161281945952 0.045511111110034974 0.028402890682028947
0 0.4902690133286847 0.7066728094405154 0.042889671110444616 0.027164815960074362
0 0.5272240355559107 0.7341289370998613 0.02708821332909994 0.0219212053725395
0 0.4915433244469265 0.7389355801383473 0.04325375999841419 0.03721506958601439
0 0.41490261333270206 0.19603981452367647 0.054831786660684445 0.07064308708113476
0 0.4189075911107163 0.25965500685913195 0.054394879999260126 0.05979172628204632
0 0.5677471288893785 0.43626272456192833 0.055996871118744296 0.032699738246759424
0 0.6179185777747382 0.4775561579382297 0.0458023822245498 0.08047485693263123
0 0.45535288888754116 0.46830701148535714 0.03670015999426446 0.03503023184125542
0 0.48415232000148134 0.27655108541870144 0.07551203555324015 0.2020974913919078
0 0.8375369955526872 0.7723635976334272 0.050753991109215524 0.06037434968067035
0 0.942561706667766 0.7484760382905722 0.1148765866644681 0.10523635137342213
0 0.890111431112099 0.7063814977412033 0.09648355554996269 0.11732578689446516
0 0.7681780622185519 0.9459489564560033 0.06014748444366791 0.09656982831909267
0 0.14711523555322653 0.4633911265595685 0.08942023111093376 0.03699658581157084
0 0.07575381333008409 0.5797337364689568 0.08403171555449565 0.048576225858858346
0 0.20835498666597738 0.5485269706810297 0.04267121776938437 0.05141651492710975
0 0.14343793778162864 0.5056313229586338 0.07565767111049759 0.06729300253912784
0 0.019599644446538556 0.5720607197420688 0.03919928889307711 0.11563008593897506
0 0.052889031109710535 0.7342381789870831 0.0872356977727678 0.061903736102017715
0 0.04009057368255324 0.007167071041520812 0.029207292778624428 0.014334142083041623
0 0.094868480000231 0.29825380701683785 0.06502627556522686 0.10392544872659915
0 0.23393842698488798 0.9942766462395638 0.0360207828486131 0.011446707520872401
0 0.21825820444048277 0.9714387301450742 0.04689464888845882 0.034666092217155886