0 0.04667477333504293 0.6321752924198478 0.09334954667008585 0.23778260620352232
0 0.2591604402806196 0.06230114177878321 0.1102364883240726 0.12460228355756642
0 0.8853885155585077 0.5685966660138548 0.09306112000097833 0.11295584141548798
0 0.7977887288874222 0.6183744336524739 0.0665554488905602 0.09118034394078167
0 0.9879505066666752 0.702734950358247 0.024098986666649558 0.0666582570170684
0 0.5466766222224881 0.4930378746092051 0.08643470221302574 0.13779010442176265
0 0.9477186844425483 0.5366512183978949 0.10456263111490338 0.21544544454574033
0 0.9388713244452245 0.35006210101481444 0.12225735110955105 0.14466571073100998
0 0.5010562844419231 0.636071577085062 0.2337450666663547 0.1523556545719883
0 0.8103856121914255 0.9892174166838279 0.07895592020617592 0.02156516663234409
0 0.7872301511104323 0.42319606163856804 0.19602545778163605 0.20333508009810175
0 0.10150513777819772 0.9095033672814181 0.08796387555905515 0.09300103770958013
0 0.6528813511133194 0.4637611188070849 0.13456725333299902 0.15803621913068477
0 0.02796060444476704 0.916137647487679 0.05592120888953408 0.10961967465668476
0 0.7404811377740569 0.8501851642943663 0.4922481777767341 0.2509644290894708
0 0.48944184888775155 0.08542095365324587 0.133766257783605 0.13749879341874838
0 0.5517374577776839 0.1831193812863695 0.04106922666024826 0.07348320050819357
0 0.47790676951925787 0.012341304763260008 0.08241664762091305 0.024682609526520016
0 0.8501811200028493 0.9562951971392628 0.10667804444415696 0.05418384655910813
0 0.753442702225099 0.9788758760771468 0.07427413333207378 0.04224824784570658
0 0.9365065955556928 0.9575332689019923 0.04878791111210978 0.04879459300350675
0 0.9948681955536207 0.9783376555570531 0.01026360889275868 0.0433246888858938