0 0.034001208888366816 0.5826050829279095 0.06800241777673363 0.10544412200464215
0 0.462966044443763 0.7516076390580952 0.17316067556126252 0.09853618228948913
0 0.20307939555495977 0.8498525096482319 0.1498589866691165 0.10960602686294019
0 0.6740273516056025 0.049115955741233674 0.1452735101286735 0.09823191148246735
0 0.6226918400006576 0.7682124059183931 0.1215328711085022 0.12417161182813508
0 0.7454990222222275 0.3245446878789763 0.09233294222503896 0.11776275444351403
0 0.2635181511131426 0.48545798778180443 0.12379022222012284 0.09802638681565268
0 0.5983707022232314 0.8998488800412159 0.16420408888823457 0.14711240814834747
0 0.3156920888926834 0.6354470989607567 0.2173610666663282 0.13189137185974098
0 0.25277752889216776 0.7423220786427884 0.2504203377808961 0.1571626617742875
0 0.44971320888855393 0.9395828746953155 0.09451747555285689 0.12083425060936892
0 0.89834353777373 0.6574775462205988 0.16019911111022034 0.13618821942439052
0 0.9645363199990242 0.4132489501969277 0.07092736000195143 0.11062531757053062
0 0.28492657777646346 0.27789840202799915 0.08723569778311585 0.10720270534373755
0 0.4757819733323736 0.14389502034832719 0.14388792888364854 0.1724565259877623
0 0.893355519997163 0.16392269967546003 0.06619136000259063 0.1564343825260075
0 0.310776888889571 0.1981882383060417 0.09946908443752261 0.07829001918787215
0 0.4938043733334376 0.36277934841258264 0.07492949333455823 0.1378632616953941
0 0.5921811911070513 0.1475000026272119 0.11192092444333768 0.0964970003943052
0 0.3673563022218231 0.2918813635945701 0.06582727110427289 0.09555023737158164
0 0.6695500799972149 0.6153465917088361 0.09131349333458483 0.08295100637670216
0 0.9092662044438637 0.824071424259849 0.11126556445120117 0.0930012600026423
0 0.7577324088921564 0.1152008179669457 0.1915107555583947 0.18949826039702833
0 0.5984435200018601 0.42657661056008783 0.16609735111188562 0.12431726767787199
0 0.08366293333367342 0.0765078818711083 0.16732586666734683 0.08962096356245486
0 0.9646441244468507 0.11771338137345094 0.05832704000381961 0.11514094914970607
0 0.06360163555687501 0.3015927054543563 0.12720327111375002 0.09695634015225008
0 0.9827043555573457 0.8685875579563926 0.0345912888853086 0.049049736663609234
0 0.5529688177733785 0.5342526974151871 0.17359758222268684 0.2005681049705602
0 0.95691565541654 0.9804393405226488 0.08616868916692 0.03912131895470228
0 0.8772991999983788 0.7356583235212089 0.14403356444090598 0.11091692950984411
0 0.968395662219781 0.9439023649404703 0.06320867556043797 0.07834802787179984
0 0.3927332977816048 0.4837829455108414 0.09954190222132536 0.14434494700488354
0 0.6047786666701238 0.322177780322127 0.12823210666990936 0.13210985563418454
0 0.8031342933316612 0.4480608483837403 0.11352291555247374 0.08994248716002806
0 0.9434919822236729 0.57919251910787 0.11301603555265405 0.10779531289248645
0 0.7021360355584572 0.3918012764557103 0.11235783111511011 0.11142672498359962
0 0.822431004445793 0.3602667850060774 0.11002766221968663 0.1490059341937945
0 0.27069070221752756 0.9139838591190228 0.2794018133336471 0.1720322817619544
0 0.5371309511104805 0.0741323479189428 0.16740807111685474 0.1482646958378856
0 0.2816497777743886 0.36092223632952936 0.11665407999729116 0.07690628861618065
0 0.0723761777755701 0.16204755019494654 0.1447523555511402 0.0566233723846159
0 0.06964551111062368 0.20094719786617682 0.13929102222124737 0.060245696997510145
0 0.06669639110979107 0.23955192702677458 0.13339278221958215 0.057029410299456296
0 0.07878414222246242 0.12717174547386778 0.15756828444492485 0.052236154354056596
0 0.15421866666422124 0.027552410438979325 0.030146560000462647 0.051198031152585366
0 0.12348956444507672 0.03432540744778073 0.030874737776401984 0.028621374456634263
0 0.07652209777798917 0.022060381668421503 0.0691768888798025 0.044120763336843005
0 0.016852622220499647 0.021817048680024875 0.033705244440999295 0.023050363565196408
0 0.03968099555414584 0.35223526346756934 0.07936199110829167 0.029779788607300905
0 0.04317624888693293 0.3921160865213467 0.08635249777386586 0.05350269355494264
0 0.04576127999979589 0.4259215070745803 0.09152255999959177 0.043624622646524225
0 0.0484919466647423 0.45544597629928407 0.0969838933294846 0.04484818878420094
0 0.04026353777800169 0.4936909948727199 0.08052707555600339 0.0502581713010507
0 0.7878298949812436 0.02431804733804893 0.11451703441432781 0.04863609467609786
0 0.5070207999967453 0.6661804832372815 0.13267399110934808 0.11499529330013103
0 0.9913696711106847 0.20075137898305123 0.017260657778630617 0.13075445167871413
0 0.9531403377755648 0.4987081507790256 0.09371932444887032 0.12394408941147106
0 0.7619558399957087 0.5015529591683467 0.15859712000108428 0.10137647135765959
0 0.6277526755558533 0.2213111044382634 0.12947000889107585 0.13720781037198249
0 0.4115931022187902 0.3418049060627666 0.13565951999690795 0.16699443162578387
0 0.5495099733324929 0.9651454763092144 0.10871694221471745 0.06970904738157113
0 0.035530382224048175 0.6747078734624947 0.07106076444809635 0.0985492283306495
0 0.38952931555298465 0.16195634570518508 0.16434972444549206 0.14944290174276242
0 0.28496298666319086 0.4345876822909653 0.14585400889110234 0.10552766307273409
0 0.45888824888712 0.49878549802496386 0.09116785777732733 0.15279298628468863
0 0.7236536888923082 0.5681176824592351 0.1763646577795347 0.13618821942447146
0 0.6451197155544328 0.677468811585338 0.08483271110388968 0.08251403882773423
0 0.44858453333274356 0.829387862772131 0.17585493333430746 0.10785815666714926
0 0.990204586668147 0.8225510627842892 0.01959082666370604 0.05389980777306813
0 0.972182186667083 0.02643005715797997 0.05563562666583388 0.05286011431595994